19900101
0
0
0
0
0
0
0
0
0
0
0
0
0
0
0
0
0
0
0
0
0
0
0
0
0
0
0
0
0
2.3
2.3
0
0
0
0
0
0
0
0
0
0
0
0
0
0
6
0
0
0
0
0
0
0
0
0
0
0
0
0
0
0
0
0
0
0
0
0
0
0
0
0
0
0
0
0
0
0
0
0
0
0
0
0
0
0
0
0
0
0
0
0
0
0
0
0
0
0
0
0
0
0
0
0
0
0
0
0
0
0
0
0
0
10.4
0
0
6.5
2.9
0
0
0
1.7
7.5
0
0
0
0
5.3
0
0
0
0
0
0
0
0
0
0
0
0
0
0
0
0
0
0
0
0
0
0
0
0
0
0
0
0
0
0
0
0
0
0
0
0
0
0
0
0
0
0
0
10.2
2.6
1.4
0
0
0
9.2
30.2
2.9
26.5
0
6
5.6
2.6
38
6
2.9
5.3
63
5.5
0
14.2
37.1
19.2
2.5
1.2
6.8
3
24.1
34.3
42.6
4.1
32.5
3.3
15.4
114.1
32.1
0
0
29
6
1.8
1.8
20.4
7.7
40.1
12.5
0
38
5.6
10.18
6.3
0
22
14.3
17.1
10.8
23.5
48.3
10.9
49.8
1.1
6.35
6.2
10.4
13.7
31.2
28.5
2.2
15.7
7.6
12.5
3.7
17.3
1.72
1.7
0
46.5
1.8
2.8
0
0
6.4
0
11.2
1.8
0
1.5
35.5
7.6
12.8
0
0
0
2.7
15.6
0
1.1
5.2
41.5
3.9
6.1
0
0
0
0
0
0
1.6
29.1
0
0
0
0
0
0
2.1
0
0
0
0
5.9
0
0
0
0
0
0
0
0
0
0
0
0
0
0
0
0
0
0
0
0
0
0
0
0
0
0
0
0
0
0
0
0
0
0
0
0
0
0
0
0
0
0
0
0
0
0
0
0
0
0
0
0
0
0
0
0
0
0
0
0
0
0
0
0
0
0
0
0
0
0
0
0
0
0
0
0
0
0
0
0
0
0
0
0
0
0
0
0
0
0
0
0
0
0
0
0
0
0
0
0
0
0
0
0
0
0
0
0
0
0
0
0
0
0
0
0
0
0
0
0
0
0
0
0
0
0
0
0
0
0
0
0
0
0
0
0
0
0
0
0
0
0
0
0
0
0
0
0
0
0
0
0
0
0
0
0
0
0
0
0
0
0
0
0
4.59
0
0
0
0
0
1.53
0
0
0
0
0
0
0
0
0
0
0
0
0
0
0
0
0
0
0
0
3.13
0
0
0
0
0
0
0
0
0
0
0
0
0
0
0
0
0
0
0
0
0
13.34
0
0
0
0
0
0
0
0
19.39
0
19.46
7.47
3.28
0
3.66
0
0
14.44
8.16
24.89
4.72
2.09
0
0
32.51
0
0
0
0
22
42.3
26.1
29.1
14.8
7.6
4.2
1.8
7.1
36.7
4.4
29.5
4.8
2.2
0
51.6
24.5
9.6
14.5
15.4
3.4
37.7
10.6
4
32.2
19.8
7.2
4.7
7
23.3
51.2
90.5
10.9
39
4.7
0
20.8
2.6
14.2
1.6
0
19.1
0
0
0
20.2
18.6
2.4
0
0
15.3
24.2
35.3
12.2
4.5
0
0
11.6
21.9
3.2
7.2
6.1
37.5
0
19.9
11.2
12.1
0
14.3
31.1
42.3
4.5
11.8
23.3
0
16.2
1.2
3
20.3
2
1.5
4.9
11.2
21.1
31.1
2.8
0
3.5
6.8
17.2
0
34.5
0
18.5
7.6
2.9
3
5.5
0
0
0
5.8
0
0
1.8
0
5
16.2
58.2
3.7
1.8
2.2
0
0
0
0
0
0
0
0
0
0
0
10.2
0
0
0
0
0
0
0
0
0
0
0
0
0
0
0
0
0
0
0
0
0
0
0
0
0
0
0
0
0
0
0
0
0
0
0
0
0
0
0
0
0
0
0
0
0
0
1.8
0
0
0
0
0
0
0
0
0
0
0
0
0
0
0
0
0
0
0
0
0
0
0
0
0
0
0
0
0
0
0
0
0
0
0
0
0
0
0
0
0
0
0
0
0
0
0
0
0
0
0
0
0
0
0
0
0
0
0
0
0
0
0
0
0
0
0
0
0
0
0
0
0
0
0
0
0
0
0
0
0
0
0
0
0
0
0
0
0
0
0
0
0
0
0
0
0
0
0
1.4
1.3
0
0
1
0
0
0
0
0
0
0
0
0
0
0
0
0
0
0
0
0
0
0
0
0
0
0
0
0
0
6.8
0
0
3.4
0
0
0
0
35.6
3.2
0
14.4
0
0
0
0
0
0
0
0
0
0
0
2.1
43
3.7
0
0
0
0
0
0
0
0
0
0
0
0
0
0
0
0
0
0
0
0
0
4.9
0
0
0
1.4
0
23.3
0
1.6
1.3
17.3
0
0
0
0
1.5
3.9
2.7
0
0
9.2
0
0
0
5.6
0
12.3
22.7
4.7
8.2
8.7
2.6
8.6
5.6
4.4
9.2
0
4.1
2.5
0
3.23
0
3.3
1.2
22
43.9
11.1
13.3
5.7
6.4
4.6
2.6
2.3
1.6
20.7
53.8
0
13.4
1.6
27.9
8.6
4.2
8.5
14.5
5.4
40.4
25.1
5
2
17.2
28.3
3.6
33
17.2
13.1
12.3
41
4.4
10.1
13.7
24.8
29.8
5.1
0
17.1
5.5
5.5
9.4
34.6
7.2
0
0
1
0
0
2.5
0
1.1
22.7
11.1
2
5
0
3.5
12.5
24.4
10.5
4.8
12.4
0
1.2
0
0
0
0
12.2
17.8
0
0
7.6
0
6.2
1.5
4
1.2
8.5
11.1
16.2
0
0
4.3
5.7
22.5
11.1
0
1.6
44.3
17
0
24.3
18.7
0
2.3
0
7.6
0
0
0
0
0
0
0
0
0
0
0
9.2
0
0
0
0
1.2
7
0
0
0
0
0
0
0
0
0
0
0
0
0
0
0
14.1
17.1
0
16.5
0
0
0
0
0
0
0
0
0
0
0
0
0
0
0
0
0
0
0
0
0
0
0
0
0
0
0
0
0
0
0
0
0
0
0
0
0
0
0
0
0
0
5.5
0
0
0
0
0
0
0
0
0
0
0
0
0
0
0
0
0
0
0
0
0
0
0
0
0
0
0
0
0
0
0
0
0
0
0
0
0
0
0
0
0
0
0
0
0
0
0
0
0
0
0
0
0
0
0
0
0
0
0
0
0
0
0
0
0
4
0
0
0
1
1.5
1
0
0
0
0
1.5
2.5
3
0
0
0
0
0
0
0
0
0
0
0
0
0
0
4.4
5.5
0
0
0
0
3.5
9
0
0
1.9
0
0
0
0
0
0
0
0
0
0
0
0
0
11.7
24
0
0
1.9
8.4
0
0
0
10.1
24.2
0
0
0
0
0
2.1
2.3
0
1.6
0
19.1
11
0
5.6
24.2
0
20.7
0
4.4
2.8
1.6
2
1
0
0
18.7
0
0
0
3.6
0
9.9
0
0
11.6
0
71.3
4.1
7.2
1.2
4.9
25.9
4.7
0
30.3
1.5
0
5.3
2.8
26.7
33.2
8.5
33.3
13.1
13.7
4
4.4
29.5
11.7
32.7
11.6
19.9
1.3
10.1
13.2
65.3
6.9
1
17.4
0
6.3
41
28.2
17.3
13.2
0
25.7
12.7
4.7
2.6
33.55
2.5
2.8
10.4
58.3
3.8
1.4
3.09
22.5
1.8
11.6
20.1
1.8
10.6
55.6
8.4
21.2
6.2
0
11.4
2
0
3.8
27.8
6.8
48.6
18.6
42.1
0
8.5
4.5
0
0
0
2.7
0
2.1
0
0
13
0
3.1
24.7
0
1.7
5.2
0
0
25.6
3.9
4.1
2.8
4.5
10.7
0
2.8
3.1
7.3
0
3.4
11.5
25.1
0
0
0
0
0
12.2
0
0
0
0
1.9
0
2.1
25.5
0
0
0
0
8.7
0
0
0
0
0
0
0
0
0
0
0
0
0
0
0
0
0
0
0
0
0
18.5
0
0
0
0
0
0
0
0
0
0
0
0
0
0
0
0
0
0
0
0
0
0
0
0
0
0
0
0
0
0
0
0
0
0
0
0
0
0
0
0
0
0
0
0
0
0
0
0
0
0
0
0
0
0
0
0
0
0
0
0
0
0
0
0
0
0
0
0
0
0
0
0
0
0
0
0
0
0
0
0
0
0
0
0
0
0
0
0
0
0
0
0
0
0
0
0
0
0
0
0
0
0
0
0
0
0
0
0
0
0
0
0
0
0
0
0
0
0
0
0
0
0
0
0
0
0
0
0
0
0
0
0
0
0
0
0
0
0
0
0
0
13.7
0
0
3.5
3.6
0
0
0
0
0
0
0
0
0
0
0
0
0
0
0
0
0
14.6
0
0
1.3
13.2
4.5
2.9
0
5.9
19.9
0
0
8.2
0
0
3.9
2.5
0
0
0
0
0
0
3.9
0
0
0
0
7
13.4
0
2
5.4
39
4.5
15.9
10.7
2.5
1.8
0
0
39
0
3.8
16.3
0
1.5
0
0
2.3
0
0
9.7
0
4.8
6.2
3.6
16.7
3.9
0
0
24.2
13.5
5.1
29
12.5
3.5
2
9.5
2.4
0
11.9
0
12.1
18
0
0
0
11
5
12
3.3
13.2
9.9
0
37.6
13.5
0
18.6
38.8
6.1
8.4
2.8
1
0
14.9
4.1
15.6
17.6
2.6
20.4
14.2
2
7.2
8
2.6
0
11.1
0
12.7
10.6
0
0
3.5
33.1
17.7
9.3
1.7
7.1
31.2
11.1
0
9.2
6.3
2.2
17.9
0
0
0
0
0
1.5
11.2
0
31.2
4.4
0
6.4
0
0
17.1
0
4.5
18.8
2.8
7.6
0
0
0
0
0
1.2
0
0
0
0
1.6
0
0
0
0
6.1
8.5
0
0
0
0
0
2
0
0
0
0
0
0
0
0
0
0
0
0
0
0
0
0
0
0
0
0
0
0
0
3.1
0
0
0
0
0
0
0
0
0
0
0
0
0
0
0
0
0
0
0
0
0
0
0
0
0
0
4.3
0
0
0
0
0
0
0
0
0
0
0
0
0
0
0
0
0
0
0
0
0
0
0
0
0
0
0
0
0
0
0
0
0
0
0
0
0
0
0
0
0
0
0
0
0
0
0
0
0
0
0
0
0
0
0
0
0
0
0
0
0
0
0
0
0
0
0
0
0
0
0
0
0
0
0
0
0
0
3.2
0
0
0
0
0
0
0
0
0
0
0
0
0
0
0
0
0
0
0
0
0
0
0
0
0
0
2.8
0
4.4
0
0
0
0
0
0
0
0
0
0
0
0
0
0
0
0
0
0
0
0
0
0
0
0
1.8
0
14.4
0
2.9
0
0
0
0
0
0
0
0
0
0
1.6
13.7
0
6
0
0
0
0
0
0
0
0
0
0
9.3
0
3
0
3.3
0
0
0
0
1.6
27.8
2.3
7.4
0
0
17.1
0
0
0
2.8
1.3
0
2.4
3.2
14.1
0
0
0
1.9
2.6
0
0
18.7
0
0
27.1
0
0
23.9
58.6
27.3
16.9
33.4
8.6
15.6
0
2.5
11.2
8.1
23
5
0
17.7
0
7.1
0
34.3
24.8
25.5
22.7
7.1
1.3
24.6
0
10.4
9
44
1.9
20.7
10.9
9.8
10.2
11.5
56.3
0
0
28.2
2
3.1
0
28.6
4.4
9.2
12.9
1.2
8.2
9.2
1.5
4.1
23
7
0
9.7
38.8
0
4.8
13.3
1.5
0
14.3
0
18.6
2.9
0
4.4
6.8
10.4
15.9
3.4
0
0
5.4
3.7
1
6.4
4.5
12.1
17.2
0
5.2
4.3
0
0
1.8
0
0
0
0
0
0
0
11.3
0
3.1
0
0
0
0
0
0
0
0
0
0
0
0
0
0
0
0
2.9
3.4
0
13.6
0
0
0
0
0
0
0
0
0
0
0
0
0
8.4
0
0
0
0
0
0
0
0
0
0
0
0
0
0
0
0
0
0
0
0
0
0
0
0
0
0
0
0
0
0
0
0
0
0
0
0
0
0
0
0
3.8
0
0
0
0
0
0
0
0
0
0
0
0
0
0
0
0
0
0
0
0
0
0
0
0
0
0
0
0
0
0
0
0
0
0
0
0
0
0
0
0
0
0
0
0
0
0
0
0
0
0
0
0
0
0
0
0
0
0
0
0
0
0
0
0
0
0
0
0
0
0
0
0
0
0
0
0
0
0
0
0
0
0
0
2.3
0
0
0
0
0
0
0
0
0
0
0
0
0
0
0
3.6
1.4
16.5
1.3
2
0
0
0
0
0
0
0
1.5
0
0
0
0
0
0
0
0
0
0
0
0
0
0
0
0
0
0
0
0
8
5.3
3
0
4.4
25.8
0
0
0
0
0
0
0
0
2.2
1.3
1
14.7
11.8
0
0
0
0
10.9
5.2
7
0
6.8
4.4
1
0
7.5
2.9
0
0
2
1
2.8
16.4
1.7
0
28.7
14.3
46.5
23.2
3
8.8
1.5
12.1
10.8
10.6
1.5
3.1
0
28.1
11.8
11.6
2.4
0
0
4.5
6.4
18.9
4.2
6.7
0
0
0
0
8
16.8
3.5
6.8
14.6
6.5
1.2
8.7
2.4
3.4
13.6
32.5
2.6
0
13.1
3.5
7.9
0
0
2.2
11.6
7.3
25
51.1
4.6
0
1.8
18.1
21.9
1.6
3.6
3.1
28.6
19.5
0
5.9
20.5
15.4
27.4
4.7
13.6
32.5
33.4
1.8
13
2.4
0
0
14
16.4
34.4
5.4
5.8
11.8
8.4
0
24.6
1.3
0
0
13.2
0
28.9
8.7
17.7
0
19
1.8
0
4.8
9.8
1.4
23.5
8
30.8
0
0
0
0
0
0
0
0
15.6
8.9
0
3.1
21.6
0
5.5
0
0
0
0
0
0
23.2
0
0
6.8
0
0
0
0
0
0
0
1
0
0
7.5
8.5
0
0
0
0
0
0
0
0
0
0
0
0
0
0
0
0
0
0
0
0
0
0
0
0
0
2.8
11.3
11.4
1.2
0
0
0
0
0
0
0
0
0
0
0
0
0
0
0
0
0
0
0
0
0
0
0
0
0
0
0
0
0
0
0
0
0
0
0
0
0
0
0
0
0
0
0
0
0
0
0
0
0
0
0
0
0
0
0
0
0
0
0
0
0
0
0
0
0
0
0
0
0
0
0
0
0
0
0
0
0
0
0
0
0
0
0
0
0
0
0
0
0
0
0
0
0
0
0
0
0
0
0
0
0
0
0
0
0
0
0
0
0
1.2
0
2.5
4.4
7.8
0
0
2.5
0
0
10
1
0
0
0
0
0
0
0
0
0
0
0
0
0
0
0
0
0
0
0
0
3.4
0
0
0
0
0
0
0
0
18.3
0
0
0
0
0
0
0
0
0
0
6.7
0
0
0
0
0
6.6
1.7
11.3
2.6
28.7
0
0
0
4.6
10
0
0
69.2
0
36.7
0
0
20.1
0
0
0
0
0
9
10.3
20.8
5.1
0
0
8.8
28.1
2.6
3.1
6.2
6.6
9.4
0
11.6
2.7
0
0
5
0
0
9.4
4.6
1.7
4.3
0
0
2.1
0
0
2.2
2.5
0
8.2
13
10.4
4.9
0
0
14.5
14.9
5.5
4
6
14.9
11.9
1.1
6.8
7.2
15.7
0
2.4
14.1
16.1
11.7
9.4
10.2
0
11.4
0
4.5
0
12
0
8.4
0
25.7
28
23.5
10.9
0
28
0
2.6
5.8
0
12.6
10.2
20.8
2.9
5
2
0
1.6
0
0
3.8
4
0
0
14
0
0
2.1
10
1.1
5.3
3
0
1.4
2.8
0
0
21
15.7
1.2
8
5.8
0
0
6.3
0
16.2
0
0
13.8
8.9
2
0
0
0
26.1
25.5
0
8.4
6.2
2
0
0
5.2
0
0
11.3
0
3.2
3.8
0
0
0
0
0
2.4
12.7
1.5
21.2
9.7
0
2.9
9.6
0
24.4
0
0
17.6
2.6
3.2
12.8
6.1
0
2.4
0
0
0
0
0
0
0
0
3.5
0
0
0
0
0
0
0
0
0
0
0
0
0
0
0
0
10.2
0
0
0
0
0
0
0
0
0
0
0
0
0
0
0
0
0
0
10.1
0
0
0
0
0
0
0
0
0
0
0
0
0
0
0
0
0
0
0
0
0
0
0
0
0
0
0
0
0
0
0
0
0
0
0
0
0
0
0
0
0
0
0
0
0
0
0
0
0
0
0
0
0
0
0
0
0
0
0
0
0
0
0
0
0
0
0
0
0
0
0
0
0
0
0
0
0
0
0
0
0
0
0
0
4.3
0
0
0
0
0
0
0
0
0
0
0
1.2
16.9
0
0
0
0
0
0
0
0
0
0
0
0
0
0
0
0
0
0
0
0
0
0
0
0
0
0
0
0
0
0
0
0
0
0
0
0
9.2
4.4
0
1.2
0
0
3.2
1.1
0
8.4
32.4
20.6
0
0
0
0
0
0
0
0
0
0
0
0
0
0
0
2.9
10.8
18.4
16.7
0
18.6
15
0
0
3
2.4
5.9
1.9
7.4
0
5.1
0
3.2
0
0
10.8
0
2
3.3
0
4.8
8.9
6
25.6
18.4
19.2
19.8
34.3
0
3.5
20.6
0
16.5
1.6
0
10.1
6.7
12.4
41
51.2
0
2.5
13.5
17.7
9.2
9.9
31.2
5
0
45.6
1.2
3.5
6
18.1
10.9
11
19.1
13
1.9
39.2
9.1
7
18.7
18.8
7.1
8.4
22.4
5.1
0
2.2
3.4
34.1
8.5
0
1.4
2.2
2.8
51.5
2.2
9
4.5
5.6
13.9
1.3
10.5
34.7
22.9
5
0
6.2
38.8
11.7
0
4.7
21.7
5.5
2.3
0
38
8.1
0
20.4
18.7
24.1
5.6
13.2
0
1.2
8.2
1.2
0
0
3
5.5
6.3
0
0
0
0
0
0
0
10.6
0
27.1
0
0
0
6.2
21.5
23
3
0
21.8
0
0
0
0
0
0
0
0
0
0
1.1
3.6
0
0
0
0
0
0
0
0
0
0
0
0
0
0
0
0
0
0
0
0
1.1
0
0
0
0
0
0
0
0
0
0
0
0
0
0
0
0
0
0
0
0
0
0
0
0
0
0
0
0
0
0
0
0
0
0
0
0
0
0
0
0
0
0
0
0
0
0
0
0
0
0
0
0
0
0
7.9
0
0
1.1
0
0
0
0
0
0
0
0
0
0
0
0
0
0
0
0
0
0
0
0
0
0
0
0
0
0
0
0
0
0
0
0
0
0
0
0
0
0
0
0
0
0
0
0
0
0
0
0
0
0
0
0
0
0
0
0
0
0
0
0
0
0
0
0
0
0
0
0
0
0
0
0
0
0
0
0
0
0
0
0
0
0
0
0
0
0
0
1.2
0
0
0
0
0
0
0
0
0
0
0
3.2
0
0
0
0
0
0
3.7
4.8
0
0
0
0
0
14.1
11.4
4.7
0
0
0
0
0
0
0
0
0
0
0
0
3.1
0
5.1
0
0
7.3
0
0
0
0
2.4
0
0
0
0
0
0
0
0
0
1.5
0
7.2
6.2
0
5.2
0
0
11.7
0
17.8
0
1.1
33.8
18.2
1.3
6.7
7.5
4.3
5.4
0
1.1
7.3
10.4
6.7
13.1
4.9
5.3
9.4
12
48.4
5.6
17.2
4.7
7.2
3.7
5.1
16.7
10.7
5.2
23.7
23.9
3.5
14.2
9.5
20
55
14.4
13.6
12.6
8
21.9
5.5
51.9
3.1
1.8
11.3
6.7
31.9
52.8
35.2
18.8
5.9
0
10
64.6
3.9
0
5.6
3.3
5.1
1.7
4.8
43.8
4.6
0
6.8
13.1
18.7
21.3
30.2
0
0
48.8
1.7
18.4
12.1
15.3
1.9
2.4
2
0
0
0
0
23.2
1.2
0
12.9
14
4.9
0
12.3
6.2
4.7
2
0
0
1.2
0
1.8
6.4
0
14.2
10.1
0
1.4
2.3
0
4.7
21.8
29
1.7
0
0
0
22.5
0
37.1
2.8
35.5
0
4.7
0
0
0
0
0
0
6.9
0
0
0
0
0
0
0
0
0
0
0
0
0
0
0
0
0
3
0
0
0
0
0
0
0
0
0
0
0
0
0
0
0
0
0
0
0
0
0
0
0
0
0
0
0
0
0
0
0
0
0
0
0
0
0
0
0
0
0
0
0
0
0
0
0
0
0
0
0
0
0
0
0
0
0
0
0
0
0
0
0
0
0
0
0
0
0
0
0
0
0
0
0
0
0
0
0
0
0
0
0
0
0
0
0
0
0
0
0
0
0
0
0
0
0
0
0
0
0
0
0
0
0
0
0
0
0
0
0
0
0
0
0
0
0
0
0
0
0
0
0
0
0
0
0
0
0
0
0
0
0
0
0
0
0
0
0
3.6
15.4
0
0
0
0
0
0
0
0
0
31.5
0
5.6
3.6
0
0
0
0
27.8
0
0
0
0
0
0
0
0
0
0
0
0
0
0
0
4.6
0
0
0
0
2.1
0
0
0
0
1.4
0
0
1
0
0
0
0
0
0
50.5
0
0
0
0
4.3
0
2.2
1.4
0
0
12.2
1.8
7.7
0
0
0
0
0
0
0
11.2
0
25.6
1.2
2.8
2.7
5.6
10
3
0
10.1
35.7
15.5
6.7
1.1
5.3
21.2
16.7
7.2
16.2
28.2
44.1
1.3
4.9
9.2
0
0
2.7
0
1.9
0
17.1
0
11.3
35
0
3.6
10.2
8.9
7.5
10.5
19.7
0
21.3
7.2
77.7
22.5
2.3
10
16.4
0
33.2
12
19.1
20
48.2
29.2
0
11.1
1.85
4
0
1.9
10.8
18.8
4.4
1.8
7
47.6
0
0
0
0
3.9
0
0
0
2.1
3
48.6
0
0
0
0
4.6
5.4
0
44
1.4
1.5
0
5.3
2
14.3
0
0
0
1.4
0
19.6
0
1.2
45.7
17.5
7.3
13.2
28.8
20
0
18.8
5.7
6.1
6.2
31.6
0
0
0
0
0
0
0
3.9
1.4
17.8
0
0
0
18.4
1.2
0
1.4
1.1
14
2.2
0
0
0
0
0
0
0
0
0
0
0
27.6
0
0
0
0
0
0
0
0
0
0
0
0
0
0
0
0
0
0
0
0
0
0
0
0
0
0
0
0
0
0
0
0
0
0
0
0
0
0
0
0
0
0
0
0
0
0
0
0
0
0
0
0
0
0
0
0
0
0
0
0
0
0
0
0
0
0
0
0
0
0
0
0
0
0
0
0
0
0
0
0
0
0
0
0
0
0
0
0
0
0
0
0
0
0
0
0
0
0
0
0
0
0
0
0
0
0
0
0
0
0
0
0
0
0
0
0
0
0
0
0
0
0
0
0
0
0
0
0
0
0
0
0
0
0
0
0
0
0
0
0
0
0
0
0
0
10.5
4
0
0
0
3.4
0
0
0
0
0
0
0
0
0
0
7.9
0
0
0
0
0
0
0
0
0
0
0
0
0
0
0
0
0
2.9
2.3
1.9
0
0
0
0
1.9
30.4
1.5
11.1
0
0
1.9
2.1
0
0
1.1
12
0
0
13.6
0
0
0
0
0
14.5
1.9
1.5
24
20.8
9.5
2.2
0
0
5.4
20.9
3.3
1.5
4.3
5
29.6
22.4
0
0
11.6
53.7
1
2.4
5
0
14.5
0
0
0
8.5
9.7
13.2
6.4
3.7
18.5
0
6.1
0
10
13.1
13.1
5.4
1.5
44.6
14.7
7.2
3.5
25.5
6.2
43.2
2.7
13.6
35.4
46
1
19.7
6.4
18.1
1.9
27.4
48.8
2.6
10.5
0
22.8
36.9
10.9
0
49.8
6.5
7.9
0
1.1
4
47.8
13
3.79
7.9
19.2
7.2
0
4.2
8.9
3.8
6.8
15.2
12.8
40.8
11.3
2.2
2.9
0
6.5
12.5
6.6
3.2
4.1
5.7
1.7
23.5
11.9
2.2
3.1
0
0
3.4
0
14.6
0
17.8
0
0
1.7
1.1
7.9
4
0
0
0
2
0
0
0
0
0
1.4
0
0
4.7
0
0
0
0
0
1.7
22.4
21.9
0
15.2
0
11.6
5.8
0
6
0
0
0
0
0
9.9
0
0
0
0
0
0
0
0
0
0
0
0
0
0
0
0
0
0
2.6
0
0
0
0
0
0
0
0
0
0
0
0
0
0
0
0
0
9.1
0
0
0
0
0
7
0
0
0
0
0
0
0
0
0
0
0
0
0
0
0
0
0
0
0
0
0
0
0
0
0
0
0
0
0
0
0
0
0
0
0
0
0
0
0
0
0
0
0
0
0
0
0
0
0
0
0
0
0
0
0
0
0
0
0
0
0
0
0
0
0
0
0
0
0
0
0
0
0
0
0
1.2
2.9
0
0
0
0
0
0
0
0
0
0
0
0
4.3
3.8
0
0
0
0
0
0
0
0
1
0
0
0
0
0
0
0
0
0
0
0
1.8
0
0
0
13.2
0
0
0
0
0
0
0
0
0
0
0
0
0
0
0
0
0
0
0
0
0
0
0
7
0
0
0
0
0
0
0
0
0
0
0
0
3.4
0
0
0
0
0
0
0
0
0
0
0
0
1
0
0
0
0
1.5
11.6
16.2
0
30.6
0
4.5
7.5
8.2
0
16.5
68.2
53.2
34.6
19.2
1.8
8.8
0
27.5
0
4.2
16.3
9.8
28
2.2
2.8
64
0
15.5
17.6
12.9
0
7.2
10.5
6.3
0
3.2
8.5
13.5
4.2
0
46.3
0
3.6
1.5
4.3
34.3
5.6
5.6
6.5
23.3
43
14.8
15.8
7.6
6.6
58.3
83
3.7
1.1
12.4
89.5
4.6
15.7
18.3
29.3
0
0
11.6
7.9
9.2
15.4
5.1
5.6
11.7
1.6
4.5
0
8.1
4.7
3
3.5
14.4
6.2
39.7
6.1
13.7
1.8
57.6
1.6
19.7
2
0
1.6
5.2
6.7
0
2.8
1.3
10.2
1.8
0
0
9.6
13.5
25
0
0
1.2
1.5
2.4
5
0
9.6
7.6
3.9
0
22.5
0
2.7
0
0
0
0
1.4
0
0
0
0
0
0
0
12.3
0
0
0
0
0
0
0
0
1.8
0
1.8
1.6
0
0
0
0
0
0
0
0
0
0
0
0
0
0
0
0
0
0
0
0
0
0
0
0
0
0
0
0
0
0
0
0
0
0
0
0
0
0
0
0
0
0
0
0
0
0
0
0
0
0
0
0
0
0
0
0
0
0
0
0
0
0
0
0
0
0
0
0
0
0
0
0
0
0
0
0
0
0
0
0
0
0
0
0
0
0
0
0
0
0
0
0
0
0
0
0
0
0
0
0
0
0
0
0
0
0
0
0
0
0
0
0
0
0
0
0
0
0
0
1.1
2.1
3
0
0
0
0
0
0
0
0
0
0
0
0
0
0
0
0
0
0
0
0
0
0
0
0
0
0
0
0
0
0
0
0
0
0
0
0
0
0
0
0
0
0
0
0
0
0
0
0
0
0
0
0
0
0
0
0
0
0
0
0
0
0
0
0
0
0
0
0
0
0
0
0
0
0
0
0
0
0
0
0
0
0
0
0
0
0
0
0
0
0
0
0
0
0
0
0
0
1.8
0
0
9.4
0
0
0
0
0
2
1.5
9.7
12.6
9.1
0
0
0
0
30.5
32
6.7
1.5
25
54
16.5
56
0
3.6
20.5
35.5
1.7
20.3
27.4
43.2
3.5
37.8
47.7
76.9
28.5
39.9
14
10.2
14.6
39
0
17.5
4.8
20
5.2
5.8
4.5
3
30.7
35.4
1.7
0
17.6
16
13.2
0
7.5
33.2
0
13
21.1
2.8
35.3
20.7
9.8
27.2
6.3
2.9
8.8
5.7
30.5
24
0
33
10.5
7.1
21.1
11
9
25
5.6
6.5
0
49.3
5
18.3
0
0
1.6
4.6
13.2
7.7
14.5
4.1
6.8
9
3.8
4.2
10.6
1.3
0
70.3
0
0
1.3
2.7
0
14.8
2.8
6.8
7
17.8
0
7.4
0
47
0
9.6
0
32
0
0
17.3
0
0
0
0
0
0
0
0
0
0
13.7
0
0
1.5
0
0
0
0
0
0
0
0
0
0
0
0
0
0
0
0
0
0
0
0
0
0
5
0
0
0
0
0
0
0
0
0
0
0
0
0
0
0
0
0
0
0
0
0
0
0
0
0
4.6
1.1
0
0
0
0
0
0
0
0
0
0
0
0
0
0
0
0
0
0
0
0
0
0
0
0
0
0
0
0
0
0
0
0
0
6.3
1.8
0
0
0
0
0
0
0
0
0
0
0
0
0
0
0
0
0
0
0
0
0
0
0
0
0
0
0
0
0
0
0
0
0
0
0
0
0
0
19.6
0
0
0
0
0
0
0
0
0
0
0
0
0
0
0
0
0
0
0
0
0
0
0
0
0
0
0
0
4.6
0
0
0
0
0
0
0
0
0
0
0
0
0
0
26
1.1
9.2
0
0
0
0
0
0
0
0
0
0
0
0
0
0
0
0
2.5
0
0
0
0
0
0
6.4
0
0
0
0
0
0
0
0
0
0
0
0
0
0
0
0
0
0
0
0
0
0
0
0
0
0
0
0
0
0
0
0
0
0
0
0
0
0
1.9
20.4
0
0
0
0
6.8
0
0
0
28.9
2.5
9.2
11.2
3.5
14.4
3.6
21.9
8.2
2.5
8.3
1
21.8
70.2
0
28.3
0
8.9
0
6.6
10.1
8
95.5
9.4
0
5.3
4.5
17.2
1.9
11
2.9
0
8.5
0
2.2
32
62.2
10.1
10.5
35.9
2.1
13.2
3.7
6.5
3.4
1.6
4.7
17.9
12.6
57
19.5
9.3
5.6
15.9
0
14
8.2
3.2
12.4
3.1
2.6
21.2
4.1
7.5
2.2
0
0
9.8
15.2
5.9
26
0
0
4.6
9.6
67
14.2
7.7
0
0
0
14.3
0
0
20.7
15
0
2.2
3.2
0
4.6
0
22
4.7
0
0
0
30.2
7
6
0
0
0
0
0
0
13.5
0
15.6
1
19
0
0
2.6
16.4
19.1
2
0
0
0
0
0
0
0
0
0
0
0
0
0
0
0
0
0
0
3.3
0
0
0
0
0
0
0
0
0
0
0
0
0
0
0
0
0
0
0
0
0
1.6
1.7
0
0
0
0
0
0
0
0
0
0
0
0
0
0
0
0
0
0
0
0
0
0
0
0
0
0
0
0
0
0
0
0
0
0
0
0
0
0
0
0
0
0
0
0
0
0
0
0
0
0
0
0
0
0
0
0
0
0
0
0
0
0
0
0
0
0
0
0
0
0
0
0
0
0
0
0
0
9
0
0
0
0
0
0
0
0
0
0
0
0
0
0
0
0
0
0
0
0
0
0
0
0
0
0
0
0
1.3
57.2
17.6
0
0
9
0
0
0
0
0
0
0
0
0
0
0
0
0
0
0
0
0
0
0
0
0
0
0
0
0
0
0
0
0
0
0
0
0
0
0
0
0
0
0
7.5
2.4
0
0
0
0
0
0
35.6
31.5
0
0
0
0
0
0
0
0
0
0
0
0
0
0
0
0
2.1
2.5
1.2
1.1
0
0
0
0
0
0
0
0
0
0
0
0
0
0
10
0
0
0
3.5
0
0
0
0
8
11
1
10.9
13.1
25.7
6.1
0
5.6
3.2
2.6
43.8
38.6
4.7
5.2
0
6.8
5
23.8
7.6
2.8
1.2
0
40.4
17.6
7.5
74.2
15.9
10.4
10.6
26
87.1
50
25
1.8
3.8
2.6
22.2
0
17.5
2.6
46.3
18.2
0
0
0
23.3
31.4
0
1
19
5.6
3.1
2.7
1.2
0
0
5.8
1
18.4
37.3
15.8
17.2
9.4
1.4
0
11
0
5.2
1.8
1.6
3
3.4
0
23.4
3.5
0
19.7
5.6
3
15.1
0
1.4
8.8
7.8
5.5
8.5
7.6
0
6.8
7
8.2
1.1
12.8
2.6
0
0
0
0
0
0
20.5
24.4
36
6.8
1
3.2
13.8
0
0
0
3.8
17.5
2
7.8
2.9
0
0
0
1.1
0
0
0
0
0
0
0
0
0
0
0
0
0
0
0
0
0
0
4.2
2.1
0
0
0
0
0
0
0
0
0
0
0
0
0
0
0
0
0
1.1
0
0
0
0
0
0
0
0
0
0
0
0
0
0
0
0
0
0
0
0
0
0
0
0
0
0
0
0
0
0
0
0
0
0
0
0
0
0
0
0
0
0
0
0
0
0
0
0
0
0
0
0
0
0
0
0
0
0
0
0
0
3.1
0
0
0
0
0
0
0
0
0
0
0
0
0
0
0
0
0
0
0
0
0
0
0
0
0
0
0
0
0
0
0
0
0
0
0
0
0
0
0
0
0
0
0
0
0
0
0
0
0
0
0
0
0
0
0
0
0
0
0
0
0
0
0
0
0
0
0
0
0
0
0
0
0
0
0
0
0
0
0
0
0
0
0
0
0
1.9
0
0
0
0
2.1
4.1
0
0
0
0
0
0
0
34.6
1.1
11.2
0
0
0
1.8
0
0
0
6.5
0
0
0
0
3.7
7.8
7.2
0
0
23.4
0
6.8
0
0
1.5
28
0
0
15
0
3.5
0
0
0
0
2.6
0
0
0
4.2
12.7
2.8
0
0
0
4.8
0
12.3
0
0
0
14
0
68.2
12
25.8
33.2
24
3.6
0
19.2
6.2
12.8
25.6
33.2
6.7
11.1
29.4
13.7
22.8
14.4
22.8
3.2
10.2
0
8.02
25.5
1.4
0
15.5
8.5
8.3
38.8
9.9
2.4
56.3
28.1
18.5
32.1
85.7
7.8
0
2.5
11
29.8
9
52.4
10.8
0
25.6
4.7
7.5
25.4
7.7
5.5
0
15.5
1.4
0
1
72
4.8
1.5
7.2
40.8
1.3
2.5
0
2.8
11.5
0
0
19.7
5.6
3
15.1
0
1.4
8.8
7.8
5.5
8.5
7.6
0
6.8
7
8.1
1.1
12.8
2.6
0
0
0
0
0
0
20.5
24.4
36
6.8
1
3.4
14.2
24.6
0
0
0
0
0
0
0
0
0
25
10.8
0
0
1.6
0
0
11.6
0
0
0
0
0
0
25.1
0
32.7
3
0
0
0
0
0
0
0
0
0
0
0
0
0
0
0
0
0
0
0
0
0
0
0
0
0
0
0
0
0
0
0
0
0
0
1
0
0
0
2.6
0
0
0
0
0
0
0
0
0
0
0
0
0
0
0
0
0
0
0
0
0
0
0
0
0
0
0
0
0
0
0
0
0
0
0
0
0
0
0
0
0
0
0
0
0
0
0
0
0
0
0
0
0
0
0
0
0
0
0
0
0
0
0
0
0
0
0
0
0
0
0
0
0
0
0
0
0
0
0
0
0
0
0
0
0
0
0
0
0
0
0
0
0
0
0
0
0
0
0
0
0
0
0
0
0
0
0
1.1
0
0
0
0
0
0
0
0
0
3.4
0
0
0
0
0
0
0
0
0
0
0
0
0
0
0
0
0
0
0
0
24.2
0
1.1
0
0
0
0
0
0
0
0
1.3
4.1
1.2
0
0
0
0
0
0
0
0
0
0
0
0
0
0
2.5
0
1.9
2.9
0
1.7
0
0
0
18.7
1.5
20
6.6
3.6
2.4
1.2
0
0
17.3
6
7.1
3.5
9.8
11.8
22.4
3.4
0
10.2
41.2
10.1
43.2
15.7
15.5
2.5
9.6
1
0
1
0
12
5.7
13.5
4.82
0
0
57.7
3.5
12.3
1.2
17.2
3.3
5.6
33.6
3.2
20.5
0
3.5
6.8
3.6
18.9
4.3
6
6.7
0
41.2
13.3
0
8.8
9.1
2.8
26
0
11.8
7
13
12.5
4.5
5.8
6
2.5
2
2.9
7.9
74
0
1.1
6
4.1
28
0
0
16
21.2
11.5
2.2
24.3
10.7
20.5
0
2.2
0
11.3
0
15.8
1.3
0
3.3
23.4
16.2
3.1
1.1
45
7.6
0
13.2
2.4
18.4
13
0
20.4
3.2
0
2.5
0
0
0
0
0
2
0
24.1
0
38.7
5.1
0
0
0
0
0
0
0
0
0
0
38.8
1.8
5.5
0
0
1.2
0
0
0
0
0
0
0
0
0
0
0
0
0
0
2.3
0
4.1
0
0
4.1
0
0
0
0
0
0
0
0
0
0
0
0
0
0
0
0
0
0
0
0
0
0
0
0
0
0
0
0
0
0
0
0
0
0
0
0
0
0
0
0
0
0
0
0
0
0
0
0
0
0
0
0
0
0
0
0
0
0
0
0
0
0
0
0
0
0
0
0
1.2
0
0
0
0
0
0
0
0
0
0
0
0
0
0
0
0
0
0
0
0
0
0
0
0
0
0
0
0
0
0
0
0
0
0
0
0
0
0
0
0
0
0
0
0
0
0
0
0
0
0
0
0
0
0
0
0
0
0
0
0
0
0
0
0
0
0
0
0
0
0
0
0
0
0
0
5
0
0
0
0
0
4.5
9.6
11.1
36.1
2.8
27.6
0
0
0
0
0
0
0
0
2.4
0
0
0
3.8
0
0
1.3
0
2.7
1.7
14.6
7.5
11.3
0
0
0
0
1.3
8.1
0
1.3
0
0
5.5
0
0
10.1
1.5
0
0
0
1
0
0
0
0
20.2
0
0
0
1.4
10.1
8.3
0
0
23.7
2.7
1
9.6
13.5
0
0
0
6.5
4.5
22.8
0
7.1
0
8.6
6.2
0
0
7.4
0
0
2.2
14.6
24.6
0
0
2.6
13.1
30.8
7.3
23.7
12.6
0
5.3
26
2.2
3.1
18.2
5.7
12.6
19.6
24.2
6
46.1
7.2
2.5
9.9
20.5
68.3
9.1
1
18.1
19.3
10.3
56
1.8
10.7
5.6
23.7
16.4
9.6
20.58
18.4
19.5
10.5
16.6
31.2
22.7
5.4
3.2
20.9
1.1
0
2.3
4.8
7.4
8.3
15.72
2.6
19.4
8.5
17.1
5.6
18.69
4.6
39.7
33.3
1.8
4.91
0
3.7
8.65
9.9
9.8
6.4
1.2
0
19.3
3.5
0
0
0
23.4
0
0
4.9
9.6
1.2
0
0
0
0
6.2
8.6
0
5.6
0
0
0
0
0
0
0
0
0
30.9
0
4.2
3.7
0
0
0
0
0
0
0
0
0
0
0
0
0
4.1
0
0
0
12.1
12.9
9.1
0
0
0
0
0
11.1
0
0
0
0
0
0
0
0
0
0
0
0
0
0
0
0
0
0
0
0
0
0
0
0
0
0
0
0
0
0
0
0
0
0
0
0
0
0
0
0
0
0
0
0
0
0
0
0
0
0
0
0
0
0
0
0
0
0
0
0
0
0
0
0
0
0
0
0
0
0
0
0
0
0
0
0
0
0
0
0
0
0
0
0
0
0
0
0
0
0
0
0
0
0
0
0
0
0
0
0
0
0
0
0
0
0
0
0
0
0
0
0
0
0
0
0
0
0
0
0
0
0
0
0
0
0
3.6
0
3.4
0
0
0
0
0
0
0
0
0
0
0
0
0
0
0
0
0
0
0
0
0
3
0
0
0
0
0
0
0
0
0
0
0
0
0
0
0
0
0
0
0
0
0
0
0
0
0
0
0
0
0
0
0
3.3
0
0
0
0
0
0
0
0
0
0
0
0
0
3.8
0
0
0
0
0
0
0
0
0
0
0
0
0
0
0
0
3.2
0
1.2
0
0
0
2
3.2
7.5
2
0
8.5
1
0
0
0
4
3
0
19.8
8.3
26.5
11.7
0
13.4
0
5
1.3
4.8
19.8
3
13.9
3.5
19.6
11.7
6.7
47.3
12.1
17.3
11
0
25.9
5.6
29.8
4.3
2.1
4.2
5.8
11.8
0
0
0
34.2
1.5
0
16.8
7.7
11.6
7.1
17.5
6.7
12.2
14.3
6.5
7.8
3.8
12.7
25.7
83
82
67
87
0
0
19.2
24.2
0
25.8
0
0
0
36.2
8
5.5
5.8
29.7
2.3
6
5.9
21.7
6.2
6.3
0
0
0
0
0
6.1
3.2
0
0
0
0
0
0
0
0
0
13.4
0
0
0
0
0
1.3
0
0
0
0
13.3
4.5
5.8
1
0
3.4
3.2
0
0
0
0
0
20.6
0
0
0
0
0
3.6
0
0
0
0
0
0
0
0
0
0
0
0
0
0
0
0
0
0
0
0
0
0
0
0
2.6
0
0
0
0
0
0
0
0
0
0
0
0
0
0
0
0
0
0
0
0
0
0
0
0
0
0
0
0
0
0
0
0
0
0
0
0
0
0
0
0
0
0
0
0
0
0
0
0
0
0
0
0
0
0
0
0
0
0
0
0
0
0
3.3
8.3
0
1.7
0
0
0
0
0
0
0
0
0
0
0
0
0
0
0
0
0
0
0
0
0
0
0
0
0
0
0
0
0
0
0
0
0
0
0
0
0
0
0
0
0
0
0
0
0
0
0
0
0
0
0
0
0
0
0
0
0
0
0
0
0
0
0
0
0
0
0
0
0
0
0
0
0
0
0
0
0
0
0
0
0
0
0
0
0
0
0
0
0
0
0
0
0
0
5.9
27.5
8
0
7.5
15.7
13.9
0
0
0
0
0
0
0
0
0
0
0
0
0
0
0
0
0
0
0
0
0
0
26
0
0
0
0
0
0
9.9
1.8
0
1.7
3
0
0
9.1
1.9
1
0
15.1
7
0
19.1
3.1
0
16.2
6.1
0
4.2
15.8
5.6
0
2.6
2.3
0
7.8
0
6.4
5.3
49.1
0
16.3
3.2
19.7
14
3.3
19.6
26.1
2.2
15.4
33.8
1.8
12.5
11
48.4
33.6
15.4
22.1
6.2
3.5
2.5
22
1.1
0
5.2
5.2
27.8
16.9
3.5
14
2.1
9.1
2.2
58.1
17.8
8.1
2.2
34.2
4.6
2.6
18.4
2.8
5.7
21.9
18.8
28.4
30.1
19.1
1.1
19.8
0
37.2
4.9
18.4
4.6
4.6
14.3
12.7
0
1.3
0
2
3.7
2.3
24.7
0
7.6
11.6
0
38.6
6.5
10.2
5.6
4.2
0
1.7
0
9.8
15.6
0
0
2.3
15.7
0
0
0
4.8
9.5
2.3
2.9
0
6.7
4.7
21.5
0
0
1.3
0
0
0
0
2
0
0
0
0
0
3.4
0
0
0
0
0
0
0
0
0
0
0
0
0
0
0
0
0
0
0
0
0
1.5
0
0
0
0
0
0
0
0
0
0
0
0
0
0
0
0
0
0
0
0
0
0
0
0
0
0
0
0
0
0
0
0
0
0
0
0
0
0
0
0
0
0
0
0
0
0
0
0
0
0
0
0
0
0
0
0
0
0
0
0
0
0
0
0
0
0
0
0
0
0
0
0
0
0
0
0
0
0
0
0
0
0
0
0
0
0
0
0
0
0
0
0
0
0
0
0
0
0
0
0
0
0
0
0
0
0
0
0
0
0
0
0
0
0
0
0
0
0
8.3
0
0
8
3.4
2.5
0
0
0
0
0
0
0
0
0
0
0
6
0
0
0
0
0
0
0
0
0
0
0
0
0
0
0
0
0
0
0
0
0
2.8
0
9.8
0
0
0
0
0
0
0
0
0
0
0
0
0
0
0
0
0
0
2.5
7.9
0
0
0
0
6.8
0
0
0
0
0
41.3
1
0
1.7
9.5
20.2
9.8
2.3
0
0
0
0
0
0
8.8
0
0
0
6.6
3.5
0
3
72.8
6.6
0
0
0
0
15.7
6.8
0
7.1
0
0
6.3
0
0
4.2
24.7
0
0
4
9.1
23.1
23.1
39.7
0
7.1
0
4
18.3
18.8
54.4
0
17.9
17.2
9.1
25.6
31.8
2.9
0
4.7
26.8
1.3
6.8
5.6
5.9
0
72.3
4.5
3.1
0
1.1
16
9.9
14.5
15.8
0
13.7
27
20.2
21.3
9.5
13.4
2.2
0
2.1
11.3
16.8
0
15.3
6.9
0
26
14.8
14.2
3
7.2
0
1.9
12.3
15.1
31.2
5.6
2.7
8.8
1.8
0
2.8
16.5
12.3
0
1.9
9.5
7.2
5.8
1.2
12.2
0
1.8
5.7
5.7
1.2
0
1.2
0
9.5
1.1
1.1
1.1
1.7
0
1.9
3.8
7.5
7.4
0
0
0
1.9
0
0
0
0
0
0
0
0
14
0
0
0
0
0
0
0
0
0
0
0
0
0
1.4
2.5
10.5
0
0
0
4.4
0
6.3
0
2.8
0
0
0
0
0
0
0
0
0
0
0
0
0
0
0
0
0
0
0
0
0
0
0
0
0
0
0
0
0
0
0
0
0
0
0
0
0
0
0
0
0
0
0
0
0
0
0
0
0
0
0
0
0
0
0
0
0
0
0
0
0
0
0
0
0
0
0
0
0
0
0
0
0
0
0
0
0
0
0
0
0
0
0
0
0
0
0
0
0
0
0
0
0
0
0
0
0
0
0
0
0
0
0
0
0
0
0
0
0
0
0
0
0
0
0
0
0
0
0
0
0
0
0
0
0
0
0
0
0
1
0
0
0
0
0
0
0
0
0
0
0
0
0
0
0
0
0
0
0
0
0
0
0
0
0
0
0
0
0
0
0
0
0
0
0
0
0
0
0
0
0
0
0
0
0
0
0
2.6
0
9.7
0
0
1.6
1.6
0
0
0
4.8
0
0
0
0
0
0
2.9
0
0
0
2.2
0
0
0
0
0
0
0
0
0
0
0
0
5.4
0
0
0
0
0
0
1.2
8.2
8.6
3.2
13.5
7.8
21.5
5.1
2.4
6
0
0
4.8
31.2
1.9
0
58
6.7
32.3
0
6.5
15.3
0
0
5.7
18.2
61.8
0
16.7
27.9
30.2
25.7
38.1
7.2
12.1
0
0
26.2
2.8
24.1
15
12.1
2
4.2
5
9.7
34
20.7
12.6
4.5
1.8
6.4
33.9
0
0
1.4
16.5
13.6
33.4
1.5
99.7
32
32.6
16.2
21.1
0
18.2
21.8
0
6.1
25
8.1
4.2
15.3
8.4
1.4
13.3
5.1
12.7
0
18
11.5
39.4
12
2
0
0
55.7
0
2.7
4.4
0
0
31.9
1.5
0
0
0
0
0
1.7
23.7
2
11.3
0
1.7
18.6
0
0
0
0
0
0
0
0
0
0
0
0
2.1
0
0
0
0
0
0
0
0
0
0
0
0
0
0
0
4.8
0
0
0
0
0
0
0
0
0
0
0
0
0
0
0
0
0
0
0
0
0
0
0
0
0
0
0
1
0
0
0
0
0
0
0
0
0
0
0
0
0
0
0
0
0
0
0
0
0
0
10.5
0
0
0
0
0
0
0
0
0
0
0
0
0
0
0
0
0
0
0
0
0
0
0
0
0
0
0
0
0
0
0
0
0
0
0
0
0
0
0
0
0
0
0
0
0
0
0
0
0
0
0
0
0
0
0
0
0
0
0
0
0
0
0
0
0
0
0
0
0
0
0
0
0
0
0
0
0
0
0
0
0
0
0
1.4
0
0
0
0
0
0
0
0
0
0
0
0
0
0
0
0
0
0
0
0
0
0
0
0
0
0
0
0
0
0
0
0
0
1
0
0
0
0
0
0
0
0
0
0
0
0
0
0
0
0
0
0
0
0
0
0
0
0
0
12.2
3.2
15
3.3
0
0
0
0
0
3.8
40.1
3.7
0
5.2
0
0
0
0
0
0
0
0
0
0
0
0
7
0
0
4
0
0
0
0
0
0
0
0
0
0
50.5
60.5
0
0
0
0
6.5
0
9.5
10.6
13.1
2.5
0
26.6
30.5
26.7
1
10.6
8.7
28.5
33.2
37.2
1.6
2.4
12.2
86.4
6.5
17.5
7
44.6
45.8
4.1
26.6
2.9
14.8
38.8
2.7
11.6
29.6
15.7
4.6
9.4
3.9
24.7
20.4
15.6
2.5
13.3
9.5
20.9
26.3
9.6
25.6
25.8
8.7
1.7
21.2
1.6
5.7
3.8
9.8
0
4.6
19
0
2.6
1.2
12.7
7.3
34.5
6.9
1.2
2.3
5
23
10.5
12.9
5.9
3.5
6.2
6.5
0
8.5
0
26.9
12
0
0
0
0
0
7.1
0
0
0
0
0
0
0
0
0
6.5
3.3
0
0
1.6
44.4
2.7
12.2
9.2
5.2
5.6
1.3
25.6
0
20.2
35.4
0
0
0
0
0
0
0
0
0
0
0
0
0
0
0
0
0
0
0
0
0
0
0
0
1.6
0
0
0
0
4.2
9.4
1.4
0
0
0
0
0
0
0
0
0
0
0
0
0
0
0
0
0
0
0
0
0
0
0
0
0
0
0
0
0
0
0
0
0
0
0
0
0
0
0
0
0
0
0
0
0
