19900101
20.8
20.1
21.1
19.3
21.3
19.9
21.8
20.9
20.9
20.9
20.1
19.7
20.3
22.3
21.7
19.7
20.2
19.7
21.2
22.2
21.3
22.5
22.4
21.2
23.4
20.7
22.8
21.9
21.8
12.4
4.7
22.8
21.5
23.6
24.8
22.1
21.6
22.2
22.5
22
21
23
23.4
24.1
23.5
12.3
23.9
21.2
22.2
22.9
23.6
24.4
23.2
24.3
23.8
23.4
22.2
21.2
22.3
22.5
23.4
23
24.1
24.1
23.4
23.8
24.6
24.4
21.3
23.3
24.3
24.6
24.5
25.5
25.1
24.6
25.7
22.8
23.2
24.8
23.9
22.1
24.8
26.2
24.5
23.8
22.4
23.6
25.3
26.8
24.8
24.4
22.1
22.8
23.5
23.1
25
25.7
25.3
24.1
24.8
24.2
25.1
27.2
25.2
25
25.3
24.2
27.2
27
25.5
24.4
15.1
26.1
24.2
17.9
10
23.6
23.7
22.4
11
18.9
27.8
27
28
28.2
2.5
25.5
25.3
26.9
25.9
26.3
25.7
26.1
25.9
26.5
25.5
25.7
25.3
26.6
26.4
25
26.8
28.1
25
25.5
27.8
27
25.9
26.3
25.7
28.9
29
28.8
28.2
27.8
29
27.9
28.1
26.8
28.1
28.6
27.9
27.9
28
27.9
27.4
27.4
28.1
28.1
20.5
13.8
9.1
26.6
26.5
27.7
18.2
15.6
14.5
12.1
25.7
17.6
17.9
18.2
17.9
22.4
21
17.1
23
17.2
35.3
14.2
18.6
16.4
16.7
21.2
19.1
8
12.2
14.4
20.8
20.4
16
18.5
17.3
17.9
14.6
32.6
32.3
18.4
12
17.4
15.1
14.5
23.3
18.7
21.3
34.5
15.8
14
24.9
15.2
34.7
18.3
13.6
15.9
13.9
17
20.1
17
16.2
17.8
9.3
13.4
15.7
18.4
20.3
21.6
19.3
13.8
17.1
21.5
17.3
10.6
9.8
12.2
28.6
13.8
11.8
12
29.1
29.1
9.4
29.5
11.8
14.7
29.8
23
14.5
13.2
12.2
30.3
29.9
30.4
18.7
19.3
31
14.9
12.6
12.9
17.3
14.6
30.2
26.4
25.8
24.6
25.7
26.3
6.8
16.4
24.6
25.6
26.3
25.6
25.6
25.3
12.2
25
26.4
25.4
26
13.4
25.2
24.9
25.6
25.1
25.2
24.9
25.8
25
24.7
24.6
25.4
24.9
22.6
22.4
21.1
21.8
22.2
22.2
22.3
22.7
21.9
21.4
21.2
21.4
21.3
23
22.8
22.7
21.4
20.8
21.6
22.5
21.5
20.2
21.2
21.6
21.8
22.5
20.6
20.7
21.9
21.1
22.1
21.3
19.8
19.1
19.8
20.1
21.3
21.2
20.5
20.1
19.3
19.6
20.8
20.3
20.3
19.8
20.3
21.5
19.8
19.8
19.6
21.3
19.6
19.6
20.7
20.5
19.9
21.6
22.3
21.4
21.8
21
21.1
19.5
19.3
20.7
21.2
21.2
21
20.8
19.9
21.9
22.1
20.9
20.4
20.1
21.8
20.9
21.3
21.4
20.2
21.4
21
21.2
20.5
21.2
21.1
22.7
22.4
22.4
19.7
20.5
22.5
21.5
22
22.5
22.4
23.6
21.7
23.1
21.4
22.2
21.8
20.8
24.2
21.1
21
23
22.2
22.6
22.1
23
22.5
22.6
24.7
22.9
22.8
19
20.5
22.6
22.6
23.3
25.8
25.8
23.7
24.7
25.5
25.4
23.7
22.7
25.2
24.8
23.7
26.3
22.3
22.7
22.7
23.5
24.4
23.7
23.9
25.1
24.9
25.4
24
24.7
26.3
24.5
24.5
25.9
25.8
24.7
15.3
26.3
24.1
24
27.1
22.2
11.3
24.1
23.6
24.3
24.4
22.4
24.3
24.9
25.8
24.7
24.3
26.9
26
24.8
23.6
20.8
23.2
25.9
23.4
26.7
25.8
10.7
25.3
27.7
26.9
25.5
27.4
26
25.9
27.1
27.7
27.5
27.1
26.4
25.9
26.1
26.1
25.7
27.4
26.8
25.5
26.3
27.5
21.7
26.4
26.6
24.3
26.2
25.3
25.5
23.3
26
9.3
25.3
12.1
3.6
3.8
27.5
12.5
28.4
27.7
19.8
15.8
17.8
19.8
14.5
27.5
26.1
3.3
26.3
27.7
27.8
27.5
19.7
12.2
11.8
11.2
3.8
14.4
11.7
15.3
14.5
11.6
14.2
16.2
17.8
21.2
34.9
15.3
13.6
14.5
15.5
20
13.8
19.7
16.6
19.9
17.2
11.7
19.7
23.2
15.1
21.6
17.4
17.2
23.1
13.7
19.9
34.4
22.6
16.2
18.8
17.8
32.9
16.7
35
33.6
34.1
16.3
19.7
15.6
35.7
34.6
15.4
14.2
15.9
15.7
17.4
32.9
33.4
19.9
10.3
19.2
15.7
16.5
14.6
34.1
16.3
15.1
19.4
34.6
15.7
21.3
21.9
19.8
22.2
11.2
29.1
13.8
11.5
3.6
13.7
16.4
20
12.9
13.2
18.8
20.9
21.6
29.8
19.4
21.4
23.3
29.8
13.2
29.7
22.1
20.8
8.9
13.8
13.3
30
30.5
30.6
12.6
30
24
13
26.1
11.4
12
7.6
11.5
12.8
10
25.2
24.7
25.3
25.2
25.6
25.7
25.1
25.1
24.7
24.9
24.4
8.1
24.2
24.7
24.4
25.2
25.6
24.9
24.9
25.3
25.4
25
23.2
24.1
22.2
24
21.8
22.8
22.7
21.2
21.8
23
22.5
23.1
23.3
23.2
22.6
21.6
21.6
23.1
23.4
21.2
21.2
21
22.6
20.4
22.2
21
22.9
21.8
21.1
22.4
19.6
21.2
21.1
22
20.9
21.3
16.3
20.3
20.7
21.6
19.1
19
20.5
19.7
19.5
21
20.2
21.6
22.5
21.9
21
19.5
19.3
21.6
21.8
21.8
21.1
20.7
21.7
20.5
20.2
21.9
20.4
20.9
21
19.6
20.4
23
21.9
22.6
21.2
21.3
20.8
22.1
21.4
21.6
20.4
21.1
21.1
21.1
22.1
21.2
21.3
21
21.4
21.7
21.5
22.4
23.2
22.2
22.8
22.8
23.3
23
23.5
21.2
20.7
20.7
21.6
23.5
24.2
21.5
21.6
23.8
22.4
21.9
24.2
23.3
22.5
24.9
25.6
23.6
23.3
23.1
23
23.6
22.3
21.8
21.8
22.9
22.9
24.2
21.1
22.8
25.9
26.6
24.3
25.2
23.9
23.5
23.8
25.5
23.3
25.5
25.2
24.7
13.2
8
24.2
24.8
15.2
24.2
25.4
26.3
26.3
25.9
25
25.1
24.2
26.8
24.2
23.6
25.8
27
26.8
26.3
24.5
26.4
24.5
23.8
25.1
21.2
25.7
25.4
26.9
26.3
24.3
13.7
26.5
25.4
19.6
25.1
25.2
24.5
25.6
20.7
12
26.8
7.9
26.2
26
23.9
27.8
26.7
26.4
24.5
24.8
27.9
27.4
27.7
20.7
15.9
14.2
26.5
27.4
26.7
26.5
27.5
28.2
28.4
28.6
23.9
25.4
24.8
25.5
25.2
25.3
24.8
25.8
25.4
24.9
27.1
26.3
28.6
8.7
28.7
28.9
27.8
11.3
28
13.7
27.4
6.8
8.4
5.4
26.7
27.2
28.6
27.3
15.1
20.4
16.4
28.2
28
14
27.8
24.7
26.6
16.8
26
9
11.3
15.6
17.3
21.2
19.7
20.2
20
19.4
18.4
35.6
15.5
10.5
35.3
16.3
33.4
14.8
11.5
18
15.7
16.5
16.9
20.1
21.5
20.5
14.5
21.1
21.3
18.8
16.8
34
9.2
13.9
13.9
19.1
15.4
20.1
17.8
15.4
13.9
14.4
17.7
16.9
18.6
17.6
23.7
13
16.3
18.4
19.5
16.6
17.4
16.1
14.2
17.2
20.1
14.4
38
15
16
16.3
15.1
21.3
22.1
35.8
28.6
17.9
28.3
29.2
16.5
29.1
9.8
13
16.1
14.8
7.4
29.7
17.6
18.1
17.2
13.9
13.8
10
30.5
16.2
30.4
30.6
29.9
30.3
11.3
17.8
31.1
30.9
17.1
29.9
7.6
9.1
14.2
14.6
10.3
10.7
9.1
25.1
25.6
17.5
12.2
13.8
11.7
25.8
16.6
19.7
15.5
25.8
12.4
15.7
24.4
9.9
25.6
9
25
24.4
24.4
24.2
25.3
25.4
25.7
23.8
22.4
22.1
23.6
14.6
22.5
21.6
23.3
21.5
11.9
10.4
21.5
22.5
23
23
23.7
22.3
21.9
22.1
21.7
21.4
20.2
21.4
21.3
20.1
22.5
12.1
8.3
21.3
10
20.6
19.9
19.8
20.3
19.8
19.3
20.2
20.3
19.5
18.9
20.7
21.1
19.9
21.9
20.2
20.1
19.6
21.7
19.1
20.8
18.2
19.8
21.4
20.4
21
18
19.2
20.2
20.7
20.8
21.8
20.7
21.9
20.6
20.9
21.1
20.6
21.7
21.7
21.8
22
20.7
7.7
21.1
21.9
21.3
18.8
20.7
20.2
22
23
22.3
19.2
20.7
21.6
23.1
23.5
22.2
22.5
22.8
20.3
20.7
19.8
23.1
21.9
23.2
21.9
23.6
20.8
22
21.3
22.3
24.3
23.2
22.2
22.9
23.1
23.4
20.8
19.4
21.9
25.1
25
21.4
20.2
22.5
23.5
25.1
24.5
23
23.5
24.7
24.9
23.3
24.1
21.9
24.9
23.7
21.6
22.5
22
24
25.3
25
23.9
22.7
24.2
22.9
10.6
24
24.2
23.8
2.5
16.1
10.1
21.5
22.4
23.7
24.1
9.9
10.8
9.9
23.9
25.9
24.7
24.6
26
26.6
26.6
24.6
27.4
26.7
26.5
27.2
27.4
27
17.7
13.5
22.5
24
23.9
24
9.7
14.4
23.2
24.8
10.6
23.3
27.1
27
24.2
27.3
25.3
25.6
27.8
25.5
25.6
26.6
26.4
25.7
7.8
12.4
26.4
24.2
11.8
17.8
26.6
26.2
25.7
0.4
14.9
26.3
24.7
26
25.6
25.7
11.9
2.5
26.7
13.2
23.5
10.1
13.5
28.2
10.7
14.7
29.1
21.5
28.5
14.5
12.6
14.9
12.3
16.5
27.7
28
13.1
27.3
27.3
26.8
11.5
26.5
7.4
26.1
25.8
11.5
26.9
17.3
5.2
8.1
7.4
13.3
10.9
16.2
34.2
17.9
20.5
35.7
14.8
11.4
12.7
17.7
23.6
21.7
20
21.2
19.6
21.1
19.2
21.9
18.1
16.2
17.6
15.2
20
17.1
14.2
16.6
12.6
20.2
32.8
20.6
16.2
21.3
21.8
19.3
33.5
15.7
18.8
9.9
13
16
16
13
17.6
21.2
16.5
15.2
14.7
17.7
16.7
21
23.8
19.4
23.8
15.2
17.6
17.5
12.2
36.2
22.4
17
33.7
16.5
19.4
6.3
13.2
9.1
13.5
29.1
13.7
11.9
29.2
29.3
29.5
13.8
29.7
13.6
29.7
29.8
13.5
30
13.9
15.4
30.1
17.3
18.7
30.8
30.7
11.9
14.1
14.4
14.2
17.1
10.6
24.2
8.5
8.6
15.6
26.5
17.5
17.6
18.4
25
26.1
26
26.4
24.1
14.2
25.7
25.5
26.4
26
16.6
25.9
16.7
16.7
24.4
25.3
24.4
24.7
5.7
24.5
25
24.6
22.1
23.9
21.4
22.1
23.3
22.4
20.3
21.7
21.5
21.7
22.1
22.9
23.7
21.6
21.1
21.8
21.4
22.5
10.5
21.3
21.9
22.8
20.8
21.4
22.5
22.4
22.6
21
21.7
22.2
21.4
19.3
21.5
21.1
20.8
22
21.3
21
21.6
19.8
21.3
19.9
19.7
20.6
19.9
19.5
20.7
20.8
21.1
21.1
21.5
21.8
20.2
19.8
21.9
20.5
20.1
20.5
20.8
19.9
19
20.7
22
22.8
22.9
23
19.1
20.6
20.4
20.8
21.8
21.3
21.3
22.4
22
21.7
20.7
21
20.7
21.1
21.2
21.6
22.1
22.4
22.5
23.2
23.4
22.9
22.7
21.2
22.9
21.5
20.9
22.2
22.2
22.4
21.1
21
21.7
21.5
21.5
22.2
21.6
21.9
22.4
22.5
24.5
24.6
22.4
24.4
23.7
25
24.5
22.3
21.6
24.6
21.8
22.6
22.9
22.3
24.3
25.6
23.7
24.2
24
23.8
24.1
25.7
24.3
24.8
22.7
23.2
23.4
23.5
23.8
24
23.8
23.6
23.3
23
23.2
24
24.5
23
26.2
23.2
24
23.2
27.4
25.8
25.2
24.2
25.3
24.2
25.6
24
24.5
24.5
25.6
25.5
10
23.2
25.5
15.8
18
24.7
25.9
26.5
26.3
25.3
23.8
23.1
24.6
23.7
24.9
23.8
24.2
24.1
25
22.7
23.9
26.8
17.6
28
26.7
20.9
20.9
15.5
10.8
26.1
1.3
9.7
27.9
27
21
29
27.9
16.5
13
26.1
25.3
25.8
25.3
23.7
26.7
13.1
25.4
26.4
24.2
24
12.6
13.7
28.1
11.5
16.8
20.3
10.7
11.9
13.1
12.7
14.6
27.9
28.2
19.9
28.2
13.3
16.4
28
4.6
26.5
26.8
13.7
27.7
27.5
2.9
26.1
16.9
19.1
19.7
13.8
12
25.6
37.9
10.1
14.1
10.5
15.7
12.5
16.3
19.8
21.5
20.8
36.7
15.5
33.4
18.2
21.8
33.5
35.1
33.1
17.1
16.3
10.2
14.6
19.5
18.6
33.5
23.5
20.1
34.3
18.6
15.9
15.4
19.9
15.1
16
35.7
13.3
14.6
8.8
17.9
18.1
16.4
21.9
21.1
15.3
21.8
19.5
34.2
19.4
34.1
21.3
15.9
36.1
34.3
15.5
11.4
19.4
15.8
17.2
15.9
13.7
16.2
34.9
12
11.8
11.9
11.1
28.8
29.1
29.3
29.1
29.4
21.2
17.7
29.6
10.3
10.4
30.1
16.8
29.7
30.5
12.6
29.9
13.7
13.8
18.1
12.5
31.5
30.7
31
31.1
30.8
15.3
26.3
25.4
24.5
23.9
18.1
25.4
24.9
24.2
24.7
15.7
18.1
26.1
25.7
25.6
25.4
25.1
12.4
26
26.2
25.7
25.9
25.2
25.5
26.1
25.9
25.6
25.6
25.1
23.9
24.3
24.6
22.3
21.8
21.2
22.2
23.8
22.2
21.6
21.5
21
16.1
23.2
23
22.6
22.5
21
21.7
22.6
21.9
22.2
21.4
22.7
22
22.8
21.6
20.7
21.4
21.6
21.5
19.9
20.8
19.5
19.3
20.8
20.3
20.7
20.2
13.2
21.4
20
20.4
20.4
20.6
19.9
19.5
19
20.5
21.5
20.8
20.6
20.1
19.7
20.4
21.9
20.2
21.6
20
20.9
20.7
19
19.9
20.8
22.7
23.2
20.6
20.1
20
21.1
20.2
20.9
21.2
21.7
20.7
20.7
21.6
21.2
21.2
21.8
22.1
22.1
21.9
23.1
21.1
22.3
22.1
22.4
21.6
21
22.6
21.6
20.6
22.2
22.4
22.9
23.3
21.4
20.9
23.4
22.1
22
21.9
22.3
23.6
23.6
22.8
22.9
20.8
22.2
24.4
24.7
22.6
22.6
23.4
23.4
23
24.5
16
23.6
25
24.3
23.8
25.7
23.9
24.7
26.1
25.1
24.9
25.1
25.6
24.4
23.7
24.7
23
24
26
26
26.1
25.2
25
22.5
24.8
22.3
22.7
8
24.5
10.4
24.1
24.8
24.2
23.3
25.9
24.4
26.2
24.5
24.5
24.2
26.3
22.4
24.4
23.5
25.8
25.1
23.3
21.8
25.5
24.2
24.3
24.8
27.2
24.5
15.9
27.3
7.4
26.6
19.7
25.9
25.4
24.2
23
23.9
25.6
24.5
27.4
26
26.7
13.3
13.8
25.9
17.2
27.3
26.9
26.9
27.3
26.3
26.1
25.3
25.7
24.8
26.3
8
25.8
17.3
27
11.1
26.7
27.5
23.6
24.3
8.3
11.9
8.6
17.1
24.1
28.7
11.5
28.2
28.2
28.4
12.3
10.3
27.5
10.5
18.1
12.1
27
28.5
28.1
17.3
13.8
27.4
27
16.6
26.2
26.5
12.9
25.6
26.7
15.8
12.9
20.5
13
11.4
10.9
19.7
35.1
16.1
23.4
23.9
25.2
17.5
34
15.4
34.1
19.7
34.8
14.8
18.8
17.3
14.7
16.7
15.2
19.4
34.6
21
10.3
15.6
12.6
12.1
11.7
13.7
14.6
16
15.4
35.2
34.2
16
20
19.3
34.8
18.8
16
14.6
17.6
23.4
18.6
16.8
14.5
19.5
24.1
16.2
34.5
15.1
16.5
33.8
16.9
20.8
19.2
35.4
17.7
33.5
20.4
20.7
34
20.1
22.7
21
10.8
15.3
29
28.9
18.4
13.4
15.3
17.1
11.6
16.5
15.2
29.7
17
12.7
29.7
29.7
13.7
30.1
30.3
30
29.8
30.5
30.2
30.6
14.6
30.5
10.1
30.3
30.7
26.1
25.5
25.9
25.9
26.3
25.6
26.7
25.2
25.4
25.4
26
26.2
25.5
25.1
12.4
19.3
25.4
11.4
25.2
25.8
25.7
26.2
25.4
25.5
25.6
24.8
25
24.9
24.7
24.9
24.5
6.6
21.7
21.4
21.9
23.7
21.3
22.7
22.2
22.4
22.5
22.2
21.6
21.1
22.2
22.8
22.6
23.6
22.9
21.5
22.8
21.1
21.5
21.5
19.1
20.8
21.5
21.4
22.5
21.8
21.4
21.2
21.1
19.4
22
20.4
19.3
21.5
20.7
20.6
21.9
20.4
12.1
19.8
20.8
22.4
19.3
21.3
19.8
20
20.6
20.8
20.6
19.9
21.5
20.6
21.6
20
20.2
20.1
20
21.9
20.1
20.2
21.1
20.1
20.1
20.9
21.5
22
22.4
20.8
20.1
22.3
22.1
20.9
20.8
20.5
20.5
22
21.7
22
22
21.3
20.8
22.5
23
21.6
23.3
20
19.7
21
19.5
20.6
22.2
24.1
23.8
22.6
21.4
22
22.4
23.4
23.7
20.5
20.5
21.2
24.1
25
24.3
22.8
21.8
19.8
21.8
21.3
23
21.7
23.7
23.6
24
22.9
22.5
21.9
22.5
23.9
23.2
23.3
9.5
22.3
25.5
24
25
25.9
25
24.3
22.9
25.2
26.5
26.2
24.3
25.5
24.2
25.5
19.5
18.6
18.2
10.4
16.2
26.9
23.4
23.5
25.6
24.6
27.8
25.3
9.9
24.3
26.4
25.1
25.2
23.8
26.5
26.9
23.7
25.8
26.2
24.2
25.6
23
24.3
25.5
27.4
26
26.7
25.1
24.6
17.1
6.9
8.2
22.9
1.5
14.8
27.4
22.9
26.2
27.5
27.2
26.6
27
26.1
17
10.5
14.6
11.5
10.1
26.4
26.5
26.8
24.8
9.8
18
16.4
26
10.2
18.2
20.9
27.4
21.8
11.7
24.3
28.1
9.7
13
11.8
13.9
20
28.3
17.8
7
13.3
9.4
11.6
19.9
18.9
17
17.9
20.8
18.8
17.4
27.7
12.6
17
6.5
14.5
26.7
26.6
14.6
14.1
14.4
9.7
13.8
26
27.3
27.8
26.3
15.1
16.5
18.7
19.2
18.2
20.1
21.3
23.2
18.8
14.7
16.3
22.2
26.5
32.3
21.8
19.5
16.7
35.1
33.3
13.3
14.7
11.6
16.7
19.3
14.8
32.8
18.6
21.8
16.8
19.7
17.5
16.2
18.4
17.8
34.7
14.4
14.9
14.9
19.7
22.6
20.6
15.3
8.7
19.8
19.9
16.6
36.1
32.9
24.2
18.5
13.3
18.2
14.9
8.6
21.5
36.6
21
19
34.6
33
19.1
37
16.9
14.5
11.2
28.9
15.1
11.7
29.1
11.3
10.5
15.2
16.1
15.2
20
30.1
29.9
29.9
30.2
29.9
30.3
30.3
30.5
12.6
12.1
30.6
16.1
14.6
30.2
15.1
30.9
30.8
25.8
24.8
25.4
25.7
16.9
24.7
25.1
12.6
25.6
26
25.4
25
25.6
25.1
24.9
11.2
24.9
25.1
4.6
7.5
25
24.9
24.9
25.2
24.8
25.3
25.4
25.1
25.1
25.2
25.1
22.5
23.1
23.5
23.1
21.9
21.9
22.9
22.4
21.6
22.9
21.9
21.2
21
21.5
13.6
8.6
11.9
4.2
19.8
21.9
21.9
21.4
21.3
22.1
20.7
21.1
21.5
20.9
22.5
21.4
20.1
19.9
19.8
20.5
20.8
21.4
20.3
21.1
20.8
21.1
21.8
21.8
20.6
20.7
20.3
21.8
20.9
22.1
21.7
21.9
22.2
21
19.9
19.7
20
20
21.4
21.7
21.5
21
22.4
20.6
21.2
21.5
21.6
21
21.6
22.4
20.9
20.2
20.2
20.5
20.9
21.5
22
22.5
22.9
20
20.4
21.5
20.4
21.6
21
21.6
21.5
21.5
22.7
19.5
21.9
20.4
21
23.1
21.8
21.4
21.4
22.3
22.7
22.4
22.1
22.9
24
21.7
22.4
23.6
23.9
21.3
20.9
21.7
21.4
23.1
22.4
24.6
23.7
21.8
22.9
24.4
22.5
24.5
25.5
21.8
23.9
22.4
23.4
25.2
25.8
24.9
24.2
8.5
23.1
9.1
18.2
23.2
22.1
25.3
10.3
24.3
23.2
8.2
10.4
24.5
26.4
24.9
25.4
25.7
25.7
25.1
22.3
23.2
24.1
24.7
24
23
25.7
22.4
24.2
24.6
26.7
27.7
23.2
8.6
26.3
23.8
25.8
24.4
24
25.8
25.4
25.4
12.2
25.5
26.2
25.3
26
24.9
25.9
24.1
24.1
24
24.5
8.4
23.2
26.8
28.1
26.8
26.5
7.9
15.5
18
14.2
13.8
25.4
25.7
25.4
16.7
14.1
27.5
25.3
20.1
25.4
15.9
27
27.6
11.3
24.8
27
22.6
24.3
24.6
17.2
15.4
13.4
8.1
28.1
28.1
10.2
15.2
10.6
21.6
15.2
17.8
19.2
27.3
15.3
22.9
28.5
27.4
19.6
28.5
28.7
21.2
16.8
8.3
13.7
26.5
26.3
6.5
25.8
26.6
13.1
10
25.5
9.1
20.7
23.6
19.3
35.6
36.7
19.9
23.2
21.5
22
21.8
13.4
14.2
15
18.7
20.1
18.6
33.7
16.6
17.2
16.3
18.1
21.6
20.2
33.8
16.1
33.7
19.2
34.3
16.6
32.7
15.9
36.5
15.3
10.7
17.8
16
34.5
17.1
35.2
16.7
13.5
32.6
5.6
17.9
17.4
23.3
10.7
12.6
34.6
13.6
34.4
33.4
20.9
21.2
33.8
37
19.8
35.6
35.4
23.3
21.8
23.6
13.3
15.1
28.6
12.4
17.2
28.7
29.2
13
19.9
15.7
14.1
18.8
29.7
29.8
19.5
29.7
18.7
30.1
30
13.4
10
17.2
30.1
30.1
29.8
19.7
19
30.9
13
12.4
12.9
24.9
24
9.3
25
24.7
15.9
24.2
16.8
11.6
24.9
25.2
25.2
25.7
25.5
11.6
7.4
10.7
9.9
11.5
26
8.6
9.4
25.8
12.5
25.7
25
16.7
16.1
8
9.2
14
22.8
15.3
23.1
22.5
21.7
23.6
22.5
21.5
21.3
21.7
13.8
23.4
22.4
22.4
21.8
21.5
21.2
21.6
20.9
21.5
21.2
23
21.7
21.9
20.9
21.5
19.8
10.9
21.4
18.4
19.7
21.1
18.9
19.8
19.9
21.4
20.2
21.5
21.5
20.8
21.8
23.1
22.2
19.8
19.1
20.2
6.8
21.3
19.3
20.2
20
20.8
19
21
22.1
22
19
20.6
20.6
21.2
21.2
21.1
21
22.5
21.4
21.8
20.8
20.5
21.7
22.8
20.8
21.6
21.9
21
21.5
22
22.7
22
20.8
20.8
21.2
20
21.7
20.5
21.5
22.7
22.2
22
21.5
21.3
22.7
23
21.2
22.4
23.1
23.2
22.3
23.3
21.9
22.3
22.6
22.9
23.1
22
20.9
21.9
21.4
22.7
21.9
22.3
24.3
24.4
22.7
23.1
19.5
23.5
23.4
25.2
24.5
23.1
25
25.6
25.7
26.4
24.6
24.5
25.3
24.3
23.6
23.9
23.2
7.5
22.9
23
23
23.2
23.6
25.7
24.5
26.2
26.5
25.3
24
13.3
16.4
25.4
22.6
24.4
23.3
24
23
24.4
24.7
23.3
22.1
23.8
25
24.2
23.4
24.1
26.9
26.9
25.6
24.4
25.7
24.9
24.7
24.4
23.6
26
27.2
25.2
25
26.6
23.3
24.7
24.5
23.2
20.8
23.8
26.5
9.5
12.9
26.9
17.6
26.9
26.6
16.6
6.9
26.8
10.2
15.5
12.7
26.3
24.9
26.3
27.3
25.8
26.7
25.6
25.9
24.5
26
26
25.2
22.8
24.1
26
11.5
19.5
6.8
16.5
28.2
14
16.5
28.4
27.9
15.9
19.6
18.3
13.5
20
27.8
11.7
26.8
2.9
27.2
26.6
15.8
27.5
14.8
12.9
26.3
18
12.6
9.9
16.9
17.7
17.1
11.9
15
33.1
18.2
16.5
36.4
20.4
19.8
34.9
15.5
20
18.8
23.9
17.2
36.4
21.6
19.6
21.1
17.7
23.4
21.9
25.2
34.4
18.7
17.3
18.4
17.7
23.8
20.9
14.2
13
14.3
15.5
17.7
20.5
16.7
13.2
12
18
15.2
21.9
19.3
33.3
22.1
16.6
14.7
14.3
34.9
20.4
16.6
17
15.8
18.2
15.4
15
18
19.6
23.5
17.5
16.8
13.9
18.1
34.4
22.2
13.1
12.9
28.7
18.3
15.1
16.3
12.8
29.3
13.1
11.6
29.5
15.1
19.3
13.7
15
18.1
29.8
17.4
17.6
21.7
30
30.4
15.4
8.1
10.9
30.6
30.1
30.2
29.7
30.5
25.2
24.4
15.9
24.2
0.7
25
24.7
25.6
16.2
14.9
9.3
12.7
24.4
8.9
25
25.3
25.1
25.4
25.2
25.8
26
25.9
26
24.8
16.1
13.2
25.1
24.3
25.4
25.3
24.9
22.5
23.5
24.1
22.4
21.7
22.6
22.8
23.4
22.3
22.2
22.2
20.9
23
22.7
22.8
14
23.5
21.7
22.5
21.8
22.5
21.6
22.2
22
20.7
21.8
22.1
22.1
21.4
20
21.3
21.5
21.6
20.7
21.8
21.2
21.4
21.1
20.5
21.7
19.7
21.1
21
20
19.8
20.8
21.1
18.6
20.9
20.4
21.4
21.5
20.9
22.2
20.5
20.9
20.6
21.2
21.5
21.8
20.7
20.6
21.6
22.1
21.3
19.5
20.7
21.3
22.5
20.8
11.6
22.2
20.5
9.2
21.9
19.9
21.2
19.9
19.8
21.3
23.1
21.6
21.6
22.5
21.4
22.7
22.1
21.5
20.7
22.6
22.5
21.4
22
22.6
22.1
21.4
21.6
21.9
22.9
23.4
22
24
23
21.3
21.8
22.9
23.1
23
23.7
21.9
22.5
22.9
22.9
21.9
22.5
24.4
22.8
25.1
23.9
23.3
24.6
23.9
24.8
26
23.9
22.7
23.9
23.5
25.4
23.8
23.5
24.3
24.6
23.2
24.6
23.8
23.6
22.2
21.8
21.6
23.7
23.2
24
23.3
23.5
25.4
24.2
24.7
23.3
23.9
24.7
25.2
27.2
24.7
26
25.5
21.7
23.1
24.4
24.3
24.4
15.4
24.2
26.6
26.4
26.8
26.9
27.3
27.9
23.9
21.9
25.7
28.3
23.9
25.6
23.7
26
24.9
26.7
25.7
11.2
11.2
25.8
27.4
26.9
27.4
26.7
21.2
16.8
17.9
25.7
27.2
26.7
25.9
26.1
26.5
25.7
28.1
26.7
25.7
26
27.2
17.4
25.1
12.6
24.7
23.4
12.9
24.8
24.4
26.5
22.4
3
28.1
28.6
28.3
28.4
28.8
28.3
28.8
27.2
27.5
15.2
27.8
17.7
14
28.2
12.9
27.3
27.2
20.6
28.2
15.3
26.1
20.5
12.7
19.4
13.3
8.2
13.5
2.7
8.6
36.6
16.5
23.4
19
19.6
10.3
18.9
14.6
21.4
18.7
17.3
21
17.1
20.3
17.1
18.7
15.4
21.4
20.3
18.6
18.9
17.8
16.7
15.4
10.7
15.4
12.5
15.6
16.7
16.1
8.6
15
20.6
15.4
18.2
18.4
20.8
11.8
17.7
16.3
20.1
15.9
17.9
34.7
21.7
22.2
13.7
34.7
20.7
19.3
23.4
19.5
23.2
25.5
21.7
34.7
17.1
17.1
18.2
22.5
23.7
35.3
28.6
16.5
23.2
15
10.7
14.2
12.5
9.6
10.6
29.4
29.5
29.6
29.8
7.7
12.4
29.8
11.6
11.7
15.3
29.8
17.4
11.8
15
18.1
29.9
30.3
17.1
30.4
15.1
15.4
25.3
10
19.5
26.5
16.3
16.1
25.3
18.8
14.2
17.3
14.7
25.4
25.2
24.4
8.6
25.5
17.8
12.2
10.2
26.1
16.3
25.9
25.6
25.3
24.8
24.6
24.8
12.3
25.2
24.8
24.8
22.2
24.2
24.3
22.4
22.2
21
19.9
21.7
22.8
21.9
21.6
21.7
21.1
20
16.2
21.4
21.4
22
22.5
22.1
21.3
21.3
21.5
22.6
22.9
21.7
20.9
21.1
22.3
21
21.3
19.3
20.6
20.4
20.4
21.6
22.2
20.5
20.4
20.4
18.8
20.7
20
20.4
19.6
19.7
19.7
21
20.1
19.7
20.3
20.7
21.2
20.3
19.9
19.1
21
21.6
20.8
21.7
20.9
21.9
20.6
21.1
20.4
19.3
21.6
21.8
21.1
20.8
21.3
21.3
21.3
19.2
19.3
21.2
22.8
21.5
22.1
20.8
21.5
22.1
22.3
21.3
22.8
22.1
21.5
22.6
21.8
21.7
21.3
21.4
21.1
22.7
19
22.4
22.5
22.4
22.4
23.9
24.2
21.6
23.3
21.6
23.9
23.5
22.3
23.8
23.1
23.5
21.5
19.6
22.5
25
23.7
22.6
24.6
24.2
23.3
22.3
25.2
23.2
24
22.9
23.5
24
23
22.5
24.7
23.7
25.8
24.3
23.5
23.1
22.1
24.8
25.1
23.3
24
25.7
22.9
26
28.5
26.1
23.6
24
25.3
26.9
24.9
24.2
23.7
25.5
26.4
24.5
15.2
11.8
23.9
23.5
24
25.7
24.5
24.9
24.7
26.1
22.7
14.6
22.1
11.2
16.6
25
23.7
24.9
24.2
11.8
26.2
25.3
23.7
26
25
24.1
25.2
24.6
26.1
25.7
27.5
25.5
25.9
27.1
26.4
13.5
26.6
25.9
26
27.1
7.1
26.6
26.4
24.7
26.1
11.4
28.1
26.1
18.9
27.2
26.5
24.7
24.7
25.4
25
6.3
24.1
26.5
24.8
28.2
12.4
28.1
11.3
12.6
28.2
28.6
12.6
16.3
11.9
27.2
26.7
27
28.6
27
27.8
28.1
14
26.7
20.1
17.7
16.2
17.8
14.1
10.7
14.3
26.6
9.5
12.1
13.6
21.3
22.7
16.4
14
20.6
23
19.6
22
16.9
20.9
21.7
16.6
34.8
33.9
17.1
35.1
18.2
35
16.1
33.6
17.7
18.2
31.8
22.5
20.5
18.7
14.7
18
8.8
33.4
21.2
20.1
21.4
21.1
18.5
17.7
21.4
34.1
18.5
16.1
20.3
16.6
11.8
14.3
33
18.7
13.8
17.1
35.6
12.9
19.2
15.1
14.2
19.9
17.2
15.6
34.2
34.2
34.8
36.6
21.5
35.4
29
29.3
13.1
21.3
17.5
29.3
29.1
29.3
29.4
12.8
10.5
29.7
12.8
18.9
9.5
30.1
12.7
14.7
15.2
30.1
30.5
30.4
7.4
30.6
11.9
30.8
19.7
11.7
12.9
19.7
11.7
12.2
16.7
25.6
5.8
19.7
6
4.3
11.3
25.2
25.4
26.2
25.3
25.5
25.6
26.5
8.2
11.5
11.2
25.3
26.1
25.5
10.1
9.3
24.6
9.7
15.9
11.9
10.9
24.7
24.2
23.3
23.1
21.5
21.1
21.4
23.2
24
20.9
21.4
9.5
21.7
21.3
21.5
22.3
22.3
21.8
21.2
22.5
21.1
21.2
19.4
21.5
21.5
22.7
20.8
20.7
22.3
21.6
21.7
22.4
22.6
21.8
21.3
21.7
22.2
21.9
20.4
20
21
19
20.3
20.8
20.4
19.6
19.9
19.2
21.5
20.1
21.1
21.8
20.4
20.2
20.2
19.7
20.1
21.9
21.3
20.1
21
20.9
19.9
19.3
19.6
21.6
20.4
21
22.1
20.7
19.1
21.2
20.6
21.5
21.6
20.5
22.2
20.6
22.2
21.9
22
20.8
21.1
23
22.8
22.3
22.5
23
22.9
21.8
21.5
21.3
22.4
23.1
23.8
23.9
23.2
24.5
23.4
21.5
20.3
21.3
19.1
21.3
21.4
22.3
21.8
23.7
22.9
22.2
22.6
23.5
21.9
22.1
21.6
22.1
22
21.7
24.4
21.6
22
22.4
23.7
23.6
24
23.3
23.8
25.6
23.5
22.4
23.1
24.8
25.5
26.1
25.2
24.8
23.8
22.4
24.2
23.4
26
26
24.9
23.3
26.3
24.6
22.8
22.1
26.1
22.1
24.7
27.1
24.5
24.5
26.1
25.2
25.7
11.9
17.1
23.4
25.2
26.9
9.1
23.5
25.3
24.7
23.7
25.3
24.1
27.4
25.8
25.6
24.5
17.1
25.6
23.9
24.3
23.8
23.8
25.2
25.1
24
26.6
26.6
28.2
26.3
26.3
27.1
26
26.6
25.4
16.5
16.9
13.3
25.1
28.1
27.4
26.3
13.5
20.8
9.9
3
26.7
26.3
7.3
16.3
26.5
24.7
14.4
10.8
22.6
24.2
19.2
25.7
29
28.7
28.3
28.9
16.9
13.6
15.2
13.1
13.7
21.5
13.5
28.6
27.1
8.8
16.2
19.9
16.3
19
19.6
14
17.5
27.2
26.8
17.6
14.8
14.3
5.2
17.6
26.7
1.8
36.1
34.6
38.9
15.6
24.2
19.1
14.6
17.6
16.4
35.9
15.5
37.6
11.4
15.6
17.5
16.5
18
19.9
21.8
22.2
15.7
19.2
16
15.3
14.9
19.8
25.9
17.8
17.4
19.9
15.4
20.6
15.9
27.1
20.7
22.4
18.6
34.8
15.7
17.4
14.3
32.8
12.9
14.9
17.6
32.9
12.3
13.3
17
19.1
16.7
14.5
17.7
14.1
35.8
19
21
22.7
16.2
15.7
16.8
13.9
10.6
7.4
9
28.7
6.7
18.1
16
16.1
18.3
13.2
13.1
13.5
15
14.2
10.6
29.8
29.8
15.8
29.6
15.3
30.5
16
29.9
30.5
17.4
12.1
16.1
22.3
31.1
31
25.5
18
23.8
24.1
24.5
25.4
25.1
9.5
25.6
26.1
10.1
25
24.4
25.3
26.5
25.7
14.4
10.2
10.4
24.7
10.7
25.3
6.4
14.1
25
16.5
24.8
25
25
25.2
25.5
10.2
20.6
20.6
19.6
20.4
20.2
23.1
22.3
22.9
22.8
22.7
23.4
21.9
21.7
22.8
21.3
21.7
20.1
19.6
11.2
23.4
20.8
20.8
20.7
22.1
22.8
21.3
21.1
21.7
22.2
20.5
21.3
22.2
20.3
21.8
21.4
20.2
8.4
21.4
21.6
21.5
21.1
20.3
5.1
19.8
19.7
19.9
21.7
21.6
19.2
21.6
21.2
21
21.4
21.4
21.1
20.8
20.2
21.6
20.6
20.9
21.2
21
20.4
21
19.4
19.5
20.7
21.5
20.5
21.2
20.5
20.4
21.4
20.6
20
21.8
21.7
21
21.5
22.2
19.2
20.8
21.4
21.7
20.8
21.1
20.8
22.1
23.5
21.8
23.6
22.5
22.3
23.7
23
21.6
20.4
22.6
20
22.4
22.3
21.9
22.2
21
20.5
22.8
22.4
21.7
22.3
24.5
24.2
25
22
22.3
21.2
24.1
23.5
22.8
15.2
15.3
24.9
23.9
24.7
23.1
24.1
25.5
23.9
25.6
25.4
25
22.8
21.2
7.9
5.5
23.9
26.8
23.9
25.8
23.8
25.7
23.2
26.2
1.5
25.4
25.3
22.4
23.5
24.1
23.9
23.9
25.8
24.3
24.9
25.6
10.7
26
27.2
25.5
16.6
24.1
24.2
25.8
25.6
24.2
25
24.3
24.2
25.8
25.5
24
24.8
22.4
24.1
23.4
28.4
24.5
24.8
25.3
24.1
23
26.7
27.4
4.4
25
25.6
27
26.2
26.1
25.6
25.8
27.3
25.8
27.5
27.3
25.6
6.2
26.3
27.5
24.4
24.4
24.7
23.3
25.1
25.3
24.7
24.7
26.7
27.1
11.9
24.4
26.5
28.2
28
15.5
6.5
11.2
28.1
17.7
27.9
17
16.4
13.3
27.8
19.1
15.6
14.4
15.9
4.4
1.7
12.9
26.4
9.5
27.2
10.6
15.4
14.7
22.2
13.8
12.9
13.2
25.7
18.5
13.5
14.6
37.8
21.2
14.6
23.7
33.2
19
18.6
14.9
19.1
33.9
16.8
35.2
15.1
21
10.4
20.7
15.9
13.1
13.6
9.6
19.1
17.2
12.9
13.4
13
18
17.9
19.8
17.7
21.7
16.1
15.9
14.8
17.9
15.1
33.1
32.8
21.1
16.3
20.6
25
14.5
13.7
18.9
18.3
18.1
32.5
16.1
11.6
16.7
18.9
15.8
15.3
18
16.8
20.2
21.6
16.6
16.2
10.4
17.7
29
20.4
11.9
13.6
29.3
14.8
14.8
13.8
21.2
29.6
29.6
13.9
6.5
9.9
29.9
29.7
13.7
10.5
14.2
15.9
30.5
9.9
13.2
12.2
31
14.9
31.4
10.8
23.2
25.3
24.1
25.2
8.7
25.1
24.4
24.8
25.8
25.1
26.2
25.5
10.7
25
25.9
25.6
25.6
24.7
25
25.6
25.1
13.3
26
13.8
10.5
25.3
25.8
25.1
25.5
25.5
24.7
22.7
24.3
22.3
22.7
22.7
23.3
23.8
22.1
21.9
23
21.6
21.9
21.4
21.9
21.3
21.8
21.3
21.4
22.2
22
21
21.9
22
22.3
22.7
22.6
22.1
22.2
22.6
21.9
21.3
20.2
19.8
21
21.7
21.4
20.2
20.3
20.1
21
21.8
20
21.1
20.5
20.6
21
19.3
19.8
20.4
18.8
20
21.1
20
20.1
19.9
20.2
20.2
20.4
20.9
22.6
21.3
21.7
21.3
18.6
21.2
19.9
20.4
20.4
20.8
21.6
20.2
21.2
21.5
22.7
21.8
21.7
20.5
20.8
20.9
22.5
22.2
20.5
20.6
21.5
22.5
21.9
22.7
22.4
21.7
19.7
21.4
22.8
21.8
23
22.5
21.8
23.3
21.9
21.6
21.7
23.4
21.8
21.4
21.8
22.3
21.1
23.3
21.7
23.1
23.5
23.7
23.2
24
19.4
17.5
13.2
22.5
23.3
21.9
21.3
25.2
24.9
25.7
25.2
24.6
26.3
26.2
26
26.4
25.6
24.6
25.3
24.4
23.3
23.2
23.6
24.8
26.6
21.4
24.6
23.7
25.5
25.9
27
26.4
24.4
24.1
25.2
24.7
23.4
24.3
24.1
24.6
24.1
21.4
23.8
24.5
23.6
24.3
25.2
25.3
24.5
24.9
25.8
25.4
24.6
24.9
26.1
26.4
25.8
24.8
26.2
24.1
26.6
20.2
25.9
24.8
24.8
21.9
23.8
24.5
26.5
26.1
27.2
26.9
26
28.3
28.2
27.5
25.9
25.7
26.6
25.8
25.9
24.6
27.3
26.9
26.8
27.8
25.9
24.4
23.9
24.2
24.8
26.7
25
26.4
24
25.3
24.5
25.7
24.2
28.6
17.4
28.8
27.9
5.7
28.7
28.3
27.6
27.6
27.2
11.5
20
14.1
10
14.1
27.5
26
27.3
27.6
12.6
13.6
11.1
3.6
10.7
3.5
8.9
15.6
24.5
10.4
10.5
17
16.3
15.5
20.8
22.3
19.3
16
17.2
15.7
16.9
17.8
20.7
13.4
20.5
11.8
34.8
17
20.5
16.7
19
15.9
17.6
17.2
16.6
22.4
17.7
33.7
22.2
21.7
19.9
34
16.1
18.3
33.3
20.3
18.2
21.5
25.9
16.2
20
17.7
16.1
12.8
13.9
13.9
14.2
11
34.4
15.6
14.2
16.5
21.6
16.1
17.9
17.9
15.4
18.9
34.4
13.3
16.3
16.5
35.9
28.9
17.3
15.4
9
10.7
5
13.2
13.9
12.6
7.8
16.7
12.8
20.5
29.8
18.1
30.1
30
17
21.3
30.2
17.3
17.1
15.7
19.3
17.4
30.7
7.9
30.3
13.9
31.8
8.9
24.5
15
25.6
25.5
13.9
25.4
24.8
26
25.4
25.7
25.2
25.6
25.1
25.5
25.1
9.6
26
25.3
9.8
25.5
24.9
25.9
25.1
24.9
25.7
25.6
25.5
24.9
24.9
24.9
24
24.3
20.9
21.2
21.2
22
20.7
21.3
21.5
21.4
23.5
16.7
22.3
21.6
23
21.5
21
21.3
22.3
21.6
21.7
22.9
22.6
21.6
22.2
21.5
22.6
21.7
21.1
23.4
20.7
19.8
19.2
19.9
20.7
21.3
20.8
7
7.9
19.9
20.2
21.2
20.4
19.8
19.1
20.8
21.7
21.9
21
20.1
21.5
22.5
20.4
20.6
21.1
21.6
22.2
19.6
20.8
21.2
20.4
21.7
22.5
19.4
19.8
20.9
20.7
21
20.9
22.4
21.6
21.3
10.8
10.2
19.9
20.1
22.8
20.8
21
22.5
20.3
22.9
22.1
21.3
21.5
21.3
22.7
22.5
21.4
21.4
21.4
21.5
22.7
21.3
22.9
23.6
22.5
22.7
22.9
23.3
23.5
23.9
22.9
22
22.5
21.8
22.2
21.9
23.1
22.5
24.6
22
16
22.9
24.1
22.2
21.6
22.4
22.8
22.1
24.4
23.4
24.2
23
22.7
24.3
25.2
23.9
23.7
24.6
23.4
23.8
24
23.5
25.4
25
26.3
22
23.4
23.1
22.8
13
24.6
24.8
23.3
25.7
26.9
25.6
24.1
22.6
23.2
23.4
25.3
25.1
23.2
25.3
15.8
12.6
19.4
22.5
26.8
25.2
26.9
24.3
24
25
24.9
24.6
24.8
25.7
24
21.8
22.5
23.9
25.6
17.1
24.1
26.6
24.6
25.2
25.2
24
5.4
27.2
26.7
27.5
27.5
27.5
29.2
28.3
26.2
26.5
25.9
26.2
25.4
25.4
25
23.3
22.9
26.2
25.6
25.2
26.8
26.3
24.7
26.2
25.7
25
25.6
25.2
26.4
27
24.8
27.8
27.9
28.1
28.3
28.6
28.5
28.5
27.9
12.1
19.1
28.5
27.3
27.2
27.8
14.6
26.8
25.9
25.3
1.5
10.1
11.4
9.8
3.2
9.7
14.8
15.2
11
11.3
7.4
17.1
15.8
20.7
33.7
19
37.1
16.5
36.3
21.9
17.1
16.8
15.2
20.5
33.3
18.6
23.4
18
16.5
21.7
20.1
34.5
19.1
34.5
17.7
13.2
13.8
18.1
22.3
17.9
16.7
16.4
14.5
12.1
19.5
16.2
14.7
16.5
12.3
17.9
17.4
12.8
15.7
14.5
34.7
15.5
14.6
14.3
17.8
18.5
21.2
17.1
20.2
18.4
20.5
36.3
35.8
22.4
18.5
15.7
19.5
36.6
33.3
21.6
13.4
14.7
17.7
12.7
29
29.2
28.9
9.2
29.4
29.5
8.5
12
29.8
17.1
15.3
30.2
20.4
29.9
9.5
19.9
30.1
30.6
30.2
4.7
12.8
19
30.2
30.8
30
30.3
24.1
24.9
10.4
25
2.9
8.8
9.2
25.7
26.3
16.6
18.1
19.4
13.2
24.8
25.7
26.1
25.6
26
25.3
25.5
24.7
24.7
25.6
25.7
25.4
24.3
24.6
25
24.6
24.8
25.2
13.6
22
23.5
22.5
22.8
19.8
22.3
24.1
22.2
23.2
21.5
21.1
20.1
22.4
22.5
21.9
21.6
21.6
21
20.8
21.8
22.3
14.1
14.1
22.4
21.3
20.8
21.8
22.9
21.8
22
23.3
22.1
21.9
20.7
19.4
20.6
19.7
21.6
22.4
21
21.2
20
20.3
19.8
21.4
20.9
20.9
20
21.6
22.1
20
20.4
21
20.6
21.9
20.3
21.5
20.6
20.2
19.6
19.7
19.7
21.5
21.5
22.3
23.3
20.7
21.7
21.7
23.1
21
20.5
21.1
20.5
19.2
21.2
22.4
21.1
21.5
22
21.5
21.1
21.9
21.5
21.3
22.3
22.7
23.1
22.2
20.9
21
23.7
21
21.9
22.4
21.6
21.8
21.8
21.7
22.4
12.2
22.6
22.5
22.1
22.1
24
24.9
23.6
21.5
23.8
23.1
24.4
23.2
22.6
23.3
23.7
24.5
22.8
24.2
22.3
23.5
23.9
25.3
23.4
24.6
22.3
22
24.8
24.4
8.4
11.3
12.1
24.6
23.6
6.8
23.6
22.8
24.3
24.2
24.1
25.8
23.9
25.6
24.3
24.7
24.9
25
24.3
24.8
23.8
22.9
23.3
24.5
23.4
25.8
25.8
25.6
27
26.1
24.9
25.3
24.3
26.1
25
25.2
26
27.6
27.6
27.3
23.8
25.4
20.1
22.1
27.5
17
7
23.3
22.8
23.4
25.3
27.5
28.7
13.6
9.9
26.9
26.8
27.5
26.6
23.5
25
25.7
27
27.5
27.4
25.5
23.5
25.1
25.3
26.8
25.2
18.7
13.5
10.5
15.4
26.9
26.7
24.4
25.1
25.6
25.7
24.3
28.8
28.5
29.1
28.1
28.1
28.1
28
18
28.1
27.4
27.9
12.9
28.3
27.4
25.7
27.2
17.2
10.6
18.5
16.8
14.4
14.5
12.9
26.8
21.5
13.5
6.9
18.7
13.4
17.6
15.5
34.2
16.7
17.1
16.1
20
16.7
16
34.9
13
15.4
14.3
17
18.6
16.4
16.9
23.2
19.1
16.1
15.4
18.6
23.4
21.1
17.4
33.7
11.2
15.9
19.8
17.2
32.1
31.9
33.8
22.3
20.7
34.8
18.5
22
23
24.6
20.7
19.6
32.9
34.1
16
20.9
9
14.5
16.4
18.1
20.4
14.4
33.3
14.7
34.2
17.4
15.6
17
16.4
13.4
37
8.3
19.1
28.6
4.2
17.3
12
19.5
29.3
15.8
3.6
13.8
17.2
20.1
19.4
29.7
11.6
15.3
14.6
17.3
16.6
8.5
30.5
30.3
30.4
29.9
29.8
30.7
13.1
20.9
18.1
12.3
12.7
12.1
10.9
24.9
24.4
24.9
15.8
11.5
16.4
11.9
11.6
25
25.5
25.9
17.9
25.7
25.7
25.3
25.7
25.9
25.8
25.7
24.5
25.2
25.4
25.7
25
24.9
25.2
24.8
25.1
25.4
24.1
13.8
14.9
22.3
22.9
21.7
23.5
22.6
21.1
23
21.5
22.2
23.2
19.6
21.4
23.2
24
21.1
21.3
21.2
6.9
22.6
21.4
21
21.9
22.8
22.9
22.9
22.7
23.5
23.1
19.9
21.7
20.2
20.6
20.6
20.6
21.2
20
20.7
20.3
19.9
19.9
20.7
20.8
22
20.7
19.8
20.8
21.8
21.2
20.5
21.5
20.6
20.6
21.8
21.4
20.6
21.6
20.7
20.8
20.2
21
21.4
21.4
21.8
21.9
18.8
19.9
21.9
20.5
20.2
20.4
20.4
21.5
22.2
21.5
21.3
21
20.7
18.5
21.4
10.1
20.3
22.7
21.5
22.2
21.3
21.8
21.4
21.6
20.8
21.6
21.1
22
22.8
22.9
20.6
21.7
22.3
19.7
21
23
22
23.1
24
23.6
24.5
22.4
23
23.3
22.5
24
23.1
23.4
23.3
23.2
22.5
21
22.9
24.4
24.5
25.3
21.3
23.8
23.9
22.3
24.6
23.2
21.6
22.9
24
23.6
23.2
23.1
25.5
23.9
22.2
23
23.4
23.4
24.7
24.6
24.3
24.4
22.4
20.3
24.5
26.3
23.6
24.6
22
23.2
23.7
23.5
24.2
24
26.2
26.2
25
25.1
24.9
24.3
23.5
25.1
22.2
22.8
24.2
1.7
22.3
23.2
23.8
23.7
11.9
8
24.2
26.2
24
24.1
21.8
23.8
26.5
8.7
10.5
9.9
25.2
26.5
27.1
10.2
26.7
25.9
27.8
15.6
27.6
26
25.9
26.4
14
9.7
13.8
27.6
26.4
21.3
25.9
14.3
26.6
24.5
13.6
14.6
24.5
24.3
11.6
27.6
10.7
28.5
28.3
28.5
27.8
13.7
28.6
28
27.6
13.8
18.9
12.1
27.5
27.8
28
12.2
27.3
11.2
27.8
28.2
27.4
16.8
28
12.7
10.4
17
15
17.4
17.9
36.7
15.3
15.1
21.4
18.1
17.4
20.9
20.9
21.6
18.9
14
16.4
18
16.3
16.6
35.4
13.9
14.5
21.9
34
25.3
19.5
18.8
21.7
21.3
17.8
14.4
13.4
18.7
16.7
13.1
18
35.4
9.2
13.5
17.1
23.2
18.9
16.5
34
16.2
14.9
15.7
15.6
14
15.6
34.8
18
19.9
32.7
21.1
11
15.9
17.6
15.8
20.5
17.3
10.6
36.7
18
20.4
35.9
28.8
14.4
7
3.2
16
29.1
15.1
11.9
11.6
10.2
18.4
16.7
29.6
20.5
12.4
11.5
12.8
8.3
12.1
30
30.3
30.5
30.6
30.7
30.8
16.4
17.7
13.3
15.4
17.7
21.2
9.9
16.7
25.7
25.6
26.8
27.3
25.2
26.1
24.8
24.9
26
17.9
13.6
25.8
25.2
15.7
25.6
24.9
10.9
24.9
24.9
25.4
25.4
25.3
25.5
10
24.5
12.2
14.2
25.4
23
23.4
23
21.9
23.1
22.2
22.6
21.1
20.1
22.2
24
21.1
22.7
22.6
23.1
22.5
23.7
22.4
22.4
21.1
21.6
22.8
22.2
22.4
22.1
22.9
21.9
21.2
21.1
22.1
18.7
21.2
20.4
15.3
21.6
20.3
21.7
11.5
21.3
21
20.5
20.4
20.8
20.9
19.1
19.3
18.9
19.1
20.8
18.7
20.2
21.1
21.7
20.5
19.8
21
20.4
20.7
20.3
20.4
20.3
20.1
20.1
21.1
22
21.4
21.9
20.6
20.5
22
20.5
20.5
20.9
20.7
20.5
21.8
21.7
21.6
20.7
21
20.9
21.8
22
22.9
22.8
21.3
22.9
23.4
22.6
22.4
21.6
19.5
20.7
22.3
21.3
21.7
21.3
23.6
22
20.6
22.4
23
20.9
21.3
19.8
21.8
21.6
22.6
21.2
20.1
22.7
22.7
22.1
22.4
21.4
22.8
22.7
23.1
24.9
22.2
23.3
25.1
25.7
24
23
22.5
23.1
23.7
20.9
23.3
25
24.8
23.3
23.6
23.5
24.2
23.2
24.1
22.3
25.9
27.3
24.6
25.6
24.4
21.2
6.3
25.2
25.5
24.5
24
23.8
23.8
25.9
22.9
23
13.4
25.8
23.1
24.1
25.8
24
24.2
23.5
23.2
23.3
25.7
26.2
24.6
24.1
23.9
24.2
23.7
26.3
25.9
21.6
23.7
14.3
25
16.6
26.8
27
27.6
27
28.2
26.6
25.7
25.8
18.1
7.7
3.5
25.5
25.7
28.4
24.9
25
26.1
27.5
26
25.5
27.3
27.5
25.6
24.7
25.4
11.6
27.9
15
19.4
26.4
15.2
25.3
24.9
29
15.5
14.4
15.8
15.9
13.7
11.7
17.9
28.1
27
7.5
11.4
15.8
16.2
14.9
12.3
12.1
5.6
26.3
14.9
6.4
13.9
15.8
13.6
15.4
17.6
21.4
8.6
25.5
12.1
36.8
17.8
21
17.6
22
32.8
33.2
19
15.9
16.4
21.1
16.6
17.2
15.7
16.4
19.8
23.7
33.8
14
14.6
16.9
17.9
15.2
20.6
22.5
32.5
19
18.6
32.3
16.6
22.7
19.4
20.3
33.8
21.6
21.8
10.7
13.4
14.5
17.8
14.1
20.5
14.7
14.6
18.6
15.5
34.8
7.8
14.7
19.5
17.8
35.4
33.4
22.5
17.4
16.4
21.5
19
17.2
15.8
35.6
16
28.2
18.3
28.7
14.5
11.2
28.8
16.6
15.1
18
14
17.7
10.2
18.9
29.8
18.8
6.2
19.1
13.6
30.3
19.3
20.1
29.6
11.7
30.3
30.6
30.8
30.7
30
21
30.5
18.5
25
15
12.8
25.5
24.3
24.2
24.5
25.6
24.3
24.9
25.9
25.1
25.3
10.4
17.6
14
24.8
25.9
13.3
25
25.6
25.2
24.7
25.4
25.1
24.8
24.9
24.6
24.6
24.6
23
22.9
20.9
15.2
22.5
10.5
22.5
21.8
9.5
21.8
22.8
21.4
21.2
22.7
23.2
21.8
21.5
21
22.2
21.7
21.4
21.4
21.6
20.3
22.3
22.5
22.7
21.8
21
21.5
18.9
20.3
20.7
18.4
20.3
18.5
21.2
20.7
20.7
20.6
21.1
20.7
20.8
21
18.7
21.1
20.3
21.6
20.1
20.1
20.6
21.2
21
21
20.5
19.4
19.9
19.8
19.7
21.8
21
20.8
20.2
21.4
21.6
20.9
21.7
22
22.8
18.8
21.9
22
20.2
20.6
22.5
20.1
20.9
8.6
22.5
21.5
20.8
20.6
20.4
19.1
21.9
20.7
20.7
22.1
21.6
23.7
20.9
22.7
21.6
23.4
23.5
23.1
23
21.8
21.9
23.2
23.6
22.6
24.2
20.5
23.5
23.2
23.9
23.1
21.6
22.9
24
22.5
22.8
23.2
23.4
24.4
25.1
22.7
24.5
24.5
19.1
21.2
24.4
25.4
24.3
24.1
25.7
24.7
24.9
25.9
25.9
25.1
23.6
24.1
23.3
22.4
23.6
23.5
25.4
25.1
25.2
22.5
24.9
26
26
26.8
23.6
22.9
25.2
26.1
24.8
24.2
24.4
15.7
25.2
27
26.7
27
22.4
10.9
18.3
21.4
8.4
8
10.2
25.1
24.2
26.9
25
23.9
24.9
24.9
24.4
14.5
27.1
25.6
25.9
11.9
23.5
26.4
12.2
21.5
16.2
17.5
13.1
16.1
6.8
26.6
27.4
27.4
26.4
10.8
9.1
26.2
16.3
25.8
26
7.7
23.3
25.6
12.4
12
25.1
25.3
25.2
4.2
24.7
25.9
25.5
27
11.3
26
25.3
28.3
18.4
18.7
18.9
27.9
27.7
14.8
11.9
14.2
15.6
10.9
28
27.9
28
12.5
18.1
17.6
27.6
19.1
26.8
13.5
20.6
26.4
26.7
13.3
27.2
26.7
11
13.9
11.9
34.5
36.9
20.1
16.8
16.4
17.3
22.3
17.1
35.5
20.6
19.7
21.7
20.2
19.1
19.2
19.7
16.7
14.7
14.7
19.1
20.8
15.1
18.6
18.4
20.6
15.4
21.1
13.4
19.5
11.8
17.7
13.8
20.1
14
15
17.8
16.6
19.7
15.9
14.5
15.9
15.4
20.4
15
13.5
14.3
20
17.9
32.8
15.9
16.3
20.1
18.6
18.9
21.5
17
20.2
12.5
15.3
16.4
19.4
19.9
12.8
13.9
19.6
28.8
10.8
17.7
14.8
15.9
9
6.5
29.6
14.3
21.3
29.9
30.1
29.9
12.6
30.3
30.2
7.6
16.3
18.9
30.3
30.3
30.7
30.3
14.7
13.3
31
18.2
25.6
25.8
25.8
24.9
26
26
25.5
25.6
24.8
7.3
25.5
6
7.9
26.1
25.4
25.2
25.1
25.1
26
26
24.6
25
24.7
24.8
25.6
25.1
11.8
24.7
25
24.9
9.7
9.3
12
23.5
21.6
22
21.6
22.2
11.1
22.6
20
22.9
22
21.5
23
22.9
23
23.1
21.4
22.5
22.9
22
22.7
21.8
21.6
22.2
21.9
22
21.6
21.4
21.9
21.1
20.7
19.5
21.9
19.9
20.5
19.4
20
19.7
19.9
20.1
20.3
20.1
20
20.3
19
18.7
21.5
20.4
20.1
21.5
21.7
18.3
19.5
21
20.5
21.4
20.6
20.8
20.4
21.2
20.8
20.8
20.8
19.9
21.1
21
21.1
20.7
21.4
21.6
20.9
21.7
21.3
21.3
21.3
20.4
21.6
21.3
22
21.6
21.2
21.4
21.6
19.4
14.8
21.9
21.5
17.3
21.9
21.8
22.4
22.5
22.3
22.1
22.6
22.5
22.7
22.6
22.1
23.2
22.9
22.9
17.4
19.3
20.9
21.9
20.7
23.3
22.8
23.4
24.4
23.7
23.2
21.5
21.3
23.4
23.8
18.6
23.1
20.9
24.6
24.1
23.5
24.7
23.1
21.5
23.4
23.1
24.2
21.3
23.8
24.6
25.2
23.9
24.7
20.7
21.2
24.8
25.8
25.9
25.4
25.2
24.7
24.3
25.4
24.9
21.6
24.7
25.2
23.9
22.1
26.2
25.2
26
25.5
25.7
19.5
24.7
21.6
24.9
18.7
26.1
26.3
26
26.1
24.5
23.6
24.8
21.9
25.7
26
25.9
26.3
25.8
26.8
24.6
25.8
17.1
22.2
23.3
22.1
23.6
24.8
24
21.5
19.5
23.8
24.9
26.2
25.7
26.1
23
22.2
24.9
23.5
25
25
24.2
25
24.7
24.6
21.6
25.7
20.3
24.1
21.4
20.7
21.4
21.7
23.4
24.4
24.2
22.9
22.7
22.1
17
22.1
22.8
21.5
22.4
22.6
21.2
24.2
21.8
23.2
20
23.8
20.6
23.7
21.3
21.1
20.9
22.6
23.2
18.6
21.9
21.8
23.7
22
22.9
21.3
21.4
24.4
22.8
21.2
20
23.7
22.1
18.2
21.9
18.6
18.1
18.6
18.4
20.2
21.8
22.7
18.2
17.9
17.1
17.1
16.1
20.9
18.4
18.4
20.5
20
19.1
17.9
20
19.9
19.8
20.8
20.3
16.4
16.6
18.5
21.5
20.5
22.2
23.6
16.4
16.1
19.8
16.9
19.6
18.6
17.8
18
18
17.9
17.5
18.6
21.2
17.6
18.4
18.6
20.9
16.9
23.7
21.3
20
20.6
17.2
22.2
19.4
23.4
21.1
21
20.8
21.7
22.8
21.2
21.6
25.6
20.4
23.8
23.7
21.2
21.7
21.6
23.1
25.2
23
24.9
23.8
23.2
23.6
19.6
21.4
19.3
22.2
24.2
24.2
24.3
17.1
24.4
22.8
24.5
20.8
18.6
15.2
17.7
20.8
23.4
18.4
20.2
23.6
24
23.8
23.2
19.8
23.6
24
23.5
20.6
21.6
20.4
20.9
21.8
23
20.6
22.4
23
23.4
22.9
23.1
23.2
22.9
22.9
22.8
22.9
22.3
22.5
22.3
22.2
22
22.1
21.9
20.8
20.9
21.6
18.2
20.7
19.2
15.1
16.7
19.8
19.4
20.5
21.3
20.9
18.3
13.3
16.9
18.6
19.5
18.8
18.6
19.9
20.5
20.1
20.4
18.6
20.1
20.7
19.9
20.7
18.9
20.7
19.2
20.9
19.6
20.2
19.9
19.9
20.1
20.1
20.2
15.9
17.9
19.9
20.5
19.6
19.9
20.8
20.8
20.9
20.6
20.9
21
20.9
21
20.7
21.1
20.6
20.7
20.7
21
20.2
20.7
20.8
20.5
20.2
19.6
19.8
17.8
18.8
19.4
14.8
21.9
21.5
17.3
21.9
21.6
22
22.2
22.5
21.9
19.5
21.3
19.8
20.8
20.7
22.5
22.3
22.6
22.2
22.8
23
23.1
23.4
23.2
23.3
22.6
23.6
23
23.2
15.6
20.9
19.4
19
17.9
18.1
19.9
23.1
22
20.7
23.7
24.4
24.8
24.6
23.7
23.1
23.4
23.1
23.6
24.6
24.3
24.7
24.6
24.6
22.2
22.2
24.1
22.5
24.2
25
22.8
23.9
25
25
23.9
21.9
24
25.1
21.3
21.8
21.6
25.9
25.5
25.3
22.2
22.9
22.9
23.1
25.6
24.4
26
25.3
22.9
25.2
24.5
26.3
21.2
24.9
21.9
25.7
25.1
26.1
25.8
26
25.1
23.8
19.6
22.1
23.6
24.8
24
21.5
19.5
23.8
24.9
26.2
25.7
26.1
23
22.2
24.9
23.5
25
25
24.2
25
24.7
24.6
21.6
25.7
20.3
24.1
21.4
20.7
21.4
21.7
23.4
24.4
24.2
22.9
22.7
22.1
17
22.1
22.8
21.5
22.4
22.6
21.2
24.2
21.8
23.2
20
23.8
20.6
23.7
21.3
21.1
20.9
22.6
23.2
18.6
21.9
21.8
23.7
22
22.9
21.3
21.4
24.4
22.8
21.2
20
23.7
22.1
18.2
21.9
18.6
16.1
20.5
24.3
16.3
16.3
22.7
18.2
17.9
17.1
17.1
16.1
20.9
18.4
18.4
20.5
20
19.1
17.9
20
19.9
19.8
20.8
20.3
16.4
16.6
18.5
21.5
20.5
22.2
23.6
16.4
16.1
19.8
16.9
19.6
18.6
17.8
21.3
22.5
17.6
18.9
17.1
16.7
16.7
19.5
19.5
18
16.8
17.9
20.7
23
19.2
17.2
22.2
19.4
20.4
22.6
21.2
16.2
21
19.5
22.9
22
20.5
19
21.4
20.4
18.5
22.2
21.5
20.2
22.9
22.7
19
22.7
19.8
23
20.8
24.9
24.7
24.5
22.2
22.3
22.3
21.9
18.1
23
23
23.8
20.9
22
23.4
23.5
23.7
23.5
23.6
22.9
22.9
23.3
22.2
22.1
22.7
23.3
22.6
18.9
22.6
22.7
22.8
23
23.2
23
19.1
22.3
22.7
23
22.9
22.8
22.8
22.8
22.6
21.7
22.5
16.5
20.8
20.6
20.3
20.6
20.6
20.5
19.2
21
21.6
20.9
20.9
20.8
21.6
19.5
21.3
21
21.5
21.2
21.5
21.2
21.1
21
21
21.3
21.1
20.7
17.2
19.3
19.7
19.3
20.7
16.6
19.4
18.5
21.2
20.6
20.8
20.9
20.9
20.9
20.8
20.9
20.9
20.6
20.4
20.5
20.7
20.6
20.2
17.6
20.5
18.2
20.6
18.4
16.9
21
20.9
21.1
21.3
20.9
20.6
20.8
21.4
21.5
18.8
20.9
20.7
18.2
20.6
20.7
20.9
19.6
20.9
22
21.4
21.9
21
22.4
22.5
22.1
22.5
22.6
22.6
22.8
22.8
23.1
23.1
23.1
23.3
23.2
23.2
23.1
23
23.1
23.2
23.5
23.7
23.5
23.7
23.8
23.9
23.6
23.8
23.7
23.8
24.1
24.4
24.5
24.5
24.7
24.8
24.7
24.7
24.7
23.1
24.7
23.4
24.4
24.8
21
20.3
17.1
18.1
18.3
18.3
16.9
19.7
20.4
25.4
25.5
25.4
23.7
25.7
25.7
23.6
23.2
24.8
22.6
23.7
23.8
24.8
25.4
23.7
25.7
25.8
25.1
25.6
22.5
21.8
26.1
26.3
26.4
21.4
18
23.8
26.3
25.7
25.8
26
25.7
26.2
23
24.6
25.8
25.5
25.9
25
26.3
26.2
26.5
25.1
24.6
24.4
25.9
26.5
26
26.2
25.8
25.5
25.1
22.3
23
23.6
26
24.5
21.4
23.4
21.2
18.3
22.2
26.1
26.1
20.2
17.4
22.3
22
19.9
22.5
23.8
20.5
21.2
25.4
21
24
25.1
17.9
22.9
22.9
21.2
25.4
23.9
23.1
21.1
19.7
22.6
20
24.1
24.6
24.7
24.4
18.8
19
21
20.8
21.6
21.8
23.2
24
20.9
21.3
19.6
18.1
18.2
24.5
22.1
22.1
21.5
18.1
18.1
19.8
20.2
20.7
18.1
17.9
17.2
17.2
20.3
23.9
21.3
21.2
24.3
20.8
19.7
20.9
18.2
16
20.4
20.7
20.7
24.4
20.4
20.4
18
18.9
17.5
18.9
16.1
19.1
19
16.1
23.1
18.5
20.8
19.5
21.9
18.5
19.5
21.2
19.6
18.5
21.7
19.6
19
19.1
23.4
21.3
23.1
21.9
17.4
19
19.7
15.7
18.7
18.7
25.2
24.6
19.9
17
20.3
19.3
18.9
19.3
19.1
20
18
21.2
21.5
20.7
21.4
20.2
21.2
21
21
22.2
22.2
20.1
21.1
18.7
19.1
20.2
20.8
23.8
24.3
24.2
23.8
21.9
23.8
19.6
16.7
23
23.7
22.3
22.4
23.8
21.3
24
24.1
24
23.5
22
23.1
23.8
22.8
23.8
24
23.4
23.7
23
23.4
23.5
23
22.1
21.1
20.1
19.8
16.8
18.4
19.6
19.1
18.5
20.9
22.3
22.6
22
21.8
21
22.1
21.7
21.9
22.1
21.7
21.9
22.1
21.8
21.7
21.6
22.2
21.4
20.4
20.8
21.3
21.4
21.4
21.3
21.5
21.3
20.7
21.1
21
21.2
20.9
21
20.9
20.7
21.2
19.2
20.8
20.1
18.2
20.4
21.1
20.2
20.6
20.7
20.4
20.7
21.1
20.3
20.9
20.8
20.5
21.2
21.2
21.3
21.4
21.3
21.1
21.3
21.3
21.1
21.2
21.4
20.9
20.7
21.1
21.3
21.5
21.5
20.2
20.2
20.9
20.3
21.8
21.9
21.3
21.6
22.3
22
22.3
22.5
22.3
22.1
22.4
21.3
22.1
22.7
22.3
22.8
22.7
22.5
23
23.2
22.8
23
23
23.2
23.1
23.3
22.6
22.1
23.9
23.5
23.7
23.8
23.5
23.9
23.2
24
24
24.2
24.1
24.3
23.6
19.8
21.2
24.4
21.6
23.3
24.2
22.2
23
24.5
24.3
22.6
24.7
23
25
24
24.8
23.5
25.3
25.3
25
24.4
24.2
24.1
24.3
23
24.6
20.8
23.3
25.3
24.1
25.4
21.6
25.2
24.1
23.7
26.2
26.2
25.6
25.9
26.8
25.9
26.3
25.9
21.3
25.4
21.4
18.1
23.8
26.3
25.7
25.8
26
25.7
26.2
23
24.6
25.8
25.5
25.9
25.9
23.2
25.8
21.5
22
24.3
23.4
23.3
25.6
23.5
24.9
25.3
20
16
26.1
19.1
23.2
23.1
22.9
25
25.7
24.4
24
25.4
24
23.7
22.8
23.4
23.4
21.1
22.7
19.8
24.1
24.8
23.2
24.8
24.3
21.5
18.9
21.6
18.9
20.9
22.2
20.8
20.9
21.9
18.9
22.2
19.3
22.3
22.8
23.3
22.9
22.8
22.1
17.8
18.8
18.1
18
19.8
20.2
18.7
21.5
17.7
18.7
17.1
18.4
19.5
19.8
20
22.8
19.8
18.7
19.6
20.3
22.4
21.9
21.2
20.6
20.8
19.1
18.3
18.3
18.1
20.5
20.6
17.2
18
17.4
20.5
18.3
19.1
21.9
16.3
16.3
16.3
19.6
18.8
18.8
15.6
20.2
18.7
21.1
17.9
16.4
18.4
16
17.1
21.1
19.8
19.8
19.8
18.8
18.8
21
22.8
19.8
20.7
24.1
19.4
20.8
19.9
21
16.5
21.7
21.4
20.1
16.9
16.1
20.5
15.4
21.1
19.4
20.3
20.2
19
18.1
19.2
17.1
20.5
21.4
22
19.2
21.8
20.8
20.9
21
21.7
25
22.8
23
21.2
24.4
23.9
23.5
24.1
21.8
14.9
22.2
24.3
23.9
22.1
23.6
24.7
24.5
24.1
22
23.5
24.1
23.1
22.5
23.8
23.7
24.2
23.6
23.7
23.9
23.7
23.3
22.6
21.9
22.8
23.3
23
23.4
23
20.8
17.3
18.8
17.8
19.9
13.5
21.2
17.8
19.5
18.3
15.9
21.4
22.3
22.4
22.3
21.8
21.9
21.7
18.4
22
21.9
20.5
21.9
21.8
21.9
21.7
21.8
21.2
21.2
19.6
19.6
20.8
19.3
20.8
21.3
21.4
21.4
21.2
20.6
21
21.1
21
21.1
21
21.1
21.1
21
21.2
19.6
20.8
20.2
20.7
20.8
19.5
19.2
20.8
20.7
20.8
20.8
19.8
20.4
20.6
20.9
21.1
20.8
21.1
20.9
21.2
21.2
20.8
20.2
19.9
17.9
20.8
21.1
21.7
21.1
21.7
21.4
21.5
21.7
21.8
20.7
21.9
22.1
22
22.1
22.1
21.9
22
22.1
22.1
21.8
19.6
19.1
21.6
18.9
20.1
21.8
23.1
22.3
22.6
22.9
23.2
22.9
23.3
23.2
23.2
23.5
23.6
23.7
23.9
24
23.8
24
23.9
24.1
24.3
24.4
24.5
24.5
24.1
24.4
24
24.2
24
23.4
24.5
24.6
23.6
19.6
21.5
24.1
21.9
19.3
21.5
25
22.2
24.7
24.9
24
24.5
24.6
25.4
24.8
23.3
25.5
25.1
25.3
24.6
25.6
25.6
24.5
26
23.3
26
25.7
25.8
25.5
26.3
25.3
25.9
26.6
26.3
25.9
25.3
26.1
25.8
26.3
26.3
26
17
25.8
26.1
22.3
21.3
25.9
26.4
25.7
25.8
25.9
26.1
22.9
24.4
25
25
21.8
20.7
20.6
26.2
26.3
25.8
24.2
25.8
18.1
23.7
21.2
24.1
22.8
25.8
25.4
24
21.5
24.5
23.3
25.2
23.2
25.2
25.1
23.6
23.1
23.1
23.5
21.5
24.6
24.8
24.8
25.7
24.9
24.2
23.6
23.6
22.6
24.1
21.9
20
20.6
18.3
17.7
21.3
22.8
23.7
24.4
21
18.3
19.6
17.7
20.9
18.3
19.8
16.8
19.1
20.2
21.3
21.1
21.3
24.1
20
20
21.6
20.3
19.5
22.4
16.8
18.3
16.9
20.7
19.6
17.5
17
16
16.5
15.5
21.4
19.9
19.7
21
19.2
21.2
19
19
17
19.6
18.2
21.1
20.6
15.9
15.9
17.2
17.2
17.2
16.3
16
22.2
18.7
17.9
17.5
18.8
19.1
19.1
18.3
18.3
17.4
19.2
19.6
19
19.1
18.9
19
16.7
21.7
15.9
23.2
20.4
22.3
15.8
17.4
20.2
21.2
17
21.1
21.3
19.3
21.4
20.9
20.1
16.1
22
21
22.1
23
22.7
20.4
23.6
23.1
21.9
23.8
23.9
23.8
21.5
20
23.7
22.9
23.9
22.5
22.3
20.2
19
22.2
18.4
22.7
17.8
17.3
20
20.1
22.1
20
24.3
23.6
21.8
22.2
21.6
22.5
21.1
22.3
23.6
23.8
23.6
22.8
21.2
23
23.2
23.1
23.3
23.3
21
23.1
22.8
22.9
23
22.6
22.8
22.7
22.2
21.8
22.1
21.1
20.6
22.4
22.2
19.3
21.4
21.4
19.7
20.3
19.5
22.1
22
21.9
21.2
19.8
21
21.9
21.4
21.4
21.4
21.3
21.2
21.3
21.4
21.3
21.4
21.2
21.2
21
21.2
21.2
21.2
20.6
20.3
20.2
20.3
20.9
20.2
20.8
17.4
20.8
20.6
21
21
20.9
20.9
20.8
20.6
20.8
20.9
21
20.3
20.9
