19900101
25,9
28.7,9
25,10
23.8,10.7
27.6,10
27.4,11.5
28.4,10.5
28,11
27,10.4
27.4,9.2
26.3,9.5
27.5,10
25.8,10.5
25.4,9.5
27,10
26.7,9
25.8,7
26.5,7
27,6.4
26,10.4
27.5,11.5
26.6,9.5
26.5,11.5
29,11.5
27.5,11.4
27.2,11.7
29,12
28,11.8
27.6,11.5
29,11
26,15
27,14.1
28,13
27.6,13.7
27,13.5
25,10.5
25,9.6
26.4,10.2
26.4,11.2
27,11.4
25.8,10.4
27.6,10.3
26.3,11.4
27.6,11.6
26,13
28,13.4
27.8,12.2
28,9.6
26.9,10.3
27,10.5
27.2,10.5
26.3,9
26.2,8.7
29.3,9.5
26.3,8.7
25.5,8.2
24.6,8
25,7.6
24.5,7.5
25.6,8.6
23,8.5
29.34,10
29.93,10.81
29.11,10.55
28.64,7.89
29.84,12.36
28.98,9.87
29.87,10.38
29.27,12.17
30.71,13.61
31.37,13.58
29.91,12.59
31.89,13.73
32.13,17.73
31.98,12.34
32.01,14.87
30.72,14.57
29.94,15.1
30,12
28.3,11.8
30.8,12.5
31.5,16.4
29.9,15
30,13.5
29.5,14.5
31.5,14.5
30.7,17.6
31,17.5
28.2,19.1
28.5,16.2
27.2,15.5
27.5,12
29.7,11
28.2,12.56
30,12.6
28.7,14.3
28.6,10.5
28.7,11.6
28.5,10.5
30,8.2
32,9.5
30.7,11
30.6,12.5
32,12.7
31.7,14.1
31.2,16
30,17.3
31.5,17.5
30.2,17.3
28.5,15.8
31.2,16.5
31.1,11.97
29.2,19.1
30,16
31.5,12.5
28.5,15.6
26,16.5
24.6,14.8
28.5,15.5
31,17
30,16.9
29.7,16.2
28.7,16
30,14
31.5,17.6
30.5,15.5
31,16.5
30,15.5
27.5,17.8
26.2,17
29,17.6
29.8,15.9
29,14.5
28.7,15.2
29.8,14.8
32.5,16.5
29.3,18.6
28.7,18.6
30.2,16.4
30.6,16
31.5,14.2
31.5,12.3
30,13.3
30,12.5
30.1,11.7
31,12.3
30.8,13.5
30,14
29.5,16.5
29.2,16.7
28.6,14.5
27.7,16
30,15.5
29,15
29.5,16
27.5,16
28.2,17.5
27.7,13.8
30,14.5
31.3,16
29.2,14.5
29.5,15
29.6,15.6
29,16.3
27.6,15
26.7,17.7
28,15.7
29,16.2
28.2,17
28.7,15.8
28.6,16.3
26,16.7
27,15.5
26.5,15.5
27.6,14.5
27.7,16.8
26.4,15.5
26.5,15
25.6,15.4
26.5,15
23.6,14.6
26,15
24.9,16
25.5,15.6
23.5,15.5
25,15.5
24.6,16
25,15.4
23.6,15.5
25,13.6
25,14
24,15
26.1,13.8
25.9,14
23.5,14
25,15.2
24.6,13.4
24.9,13
23.9,15.7
23.5,14
24.5,14.4
25,14
22.5,15.1
21.7,13.5
24.7,12.5
25.5,14.2
22.2,13.7
23.2,14
26.5,13
24.5,15.5
22.3,14.9
24.6,13.5
25,13
25,13.5
25,13
25,15.2
24,14.7
25.5,14.5
25,14.6
22,15
25.5,14.5
26,15
24,15
24.4,15.6
24.2,14
24.2,13
23,13.7
22.8,15
25,13
22.5,13
24.5,13
26,13.3
26.2,14.4
26.4,14.2
25.2,14.5
25.5,15
25.2,12.5
24.3,13.5
25.7,14
25,13.2
24.8,15.2
24,14
23.8,13.2
25.3,12.3
24,12.3
24.8,14.8
25.5,14
23.8,14.8
22.5,13.4
24,12.7
25,13.5
26,12
24.4,14.5
25.5,14.6
23.6,14.5
24.2,13.4
26,12.1
25.8,13
26,11.8
26.5,13.2
24,14.3
25.5,13.5
23.7,14
26.5,12.5
24.8,13.4
24.2,13.8
26,14.1
26.3,15
26.4,14.5
24.2,14.4
25,13.5
25.2,14
25.9,13
25,13
27,13.2
26,13.8
26.4,12.5
26.9,12
27.7,13.6
26.9,15.5
27.5,14.7
26.5,12.5
27.2,11
27.5,12.4
26.8,7.8
26.2,11.8
27.5,11.5
25.1,14
27.1,14
28,11.8
27,14.5
26,14
26,13.5
25.2,13.6
26.7,11
27,9.5
26.7,8.5
27.4,9.4
27,9.6
28,9.9
26.5,10.6
26.3,11.3
27.4,11
29,9.6
27.6,8.4
27,9.5
27.2,10.5
27.1,10.4
26,10.5
26.2,11.5
26.6,11.5
26.7,12.9
26.6,10.6
26.5,10.8
26.8,11.1
26.5,10.7
28.2,11.2
27,11
27.2,10.6
27.3,11.6
27.4,10.5
27.4,10.9
27,11.3
27.3,10
27.5,7.5
28,6
28.5,6.6
28.5,6.8
26.5,6.8
26,8
26.5,7.8
25.9,8.2
25.3,9.1
26.8,15.4
27.6,14.4
30,10.3
28.5,11
28.6,10.5
27.9,8.4
28,7.3
27.7,8.7
28.6,3.9
27.3,2.9
26.1,3.7
26.7,5.8
27.6,6.8
25.5,7.2
26.4,7
26.8,5
25.6,5
26.8,5.9
26.7,4.7
28.4,5.7
27,6.5
28.9,6
27.5,5.4
28.3,5.6
27.4,5.4
26,4.5
25.2,5
25.2,6
27,5.8
28.4,7.5
27.4,3.4
29.7,3.3
26.8,9.8
26,7.5
27.4,6.7
27.7,7
25.5,7
25.2,6
27.3,4.5
25.4,4
27,6
24.8,4.4
25.6,6
26.3,4.3
27,8.6
26.2,5.8
28.4,10.3
28.6,8
29.3,6.2
28.5,6.2
30,8.5
27.4,7
29.5,6.8
30.2,7.3
26.1,5.8
28.7,6.1
27,8.2
25.5,5.8
25,2.5
27.3,1.9
25,2.1
25.4,6.5
26.3,7
30.4,6.4
29.5,8
27.5,8.4
28.9,11.5
28.5,9
29.2,10
28.5,12.9
27,5.84
27.5,8.3
26.5,9.3
26.5,8.7
27.2,8.2
26.2,8.2
26,9.5
27.3,8.7
27.4,10.1
28.2,10
27.6,10
28,9.5
27.6,8.9
27,9.5
28.6,9.6
30.5,11.6
27.5,11.7
29.54,18
28.16,10.54
29.39,13.52
30.55,14.66
29.49,11.2
29.85,12.14
31.12,12.73
31.15,12.62
31.3,16.25
29.23,9.94
29.8,10.42
28.21,7.43
29.45,8.27
28.27,7.17
29.86,5.79
30.14,8.36
28.06,9.4
30.01,10.46
29.89,13.17
28.48,10.41
28.09,9.12
28.47,11.72
29.62,10.26
29.33,11.14
30.87,8.47
30.93,10.57
30.09,9.86
32.29,10.95
30.39,12.13
30.76,13.46
30.14,9.88
33.21,14.61
32.54,17.17
31.5,17
29.51,13.42
29.76,11.08
19.91,9.17
29.58,8.3
29.86,7.16
28.81,12.15
30.7,8.01
28.33,11.24
22.26,7.41
30.43,13.73
29.21,14.65
30.86,13.15
30.46,12.22
30.33,15.36
30.45,11.9
31.94,14.46
30.91,14.56
30.47,14.48
31.43,11.28
32.34,12.44
31.6,14.19
31.09,14.55
31.82,14.56
32.48,21.63
31.87,17.82
32.56,16.64
29.81,16.61
30.61,15.89
28.38,10.03
20.94,11.76
29.74,13.64
31.47,10.95
29.71,12.49
31.06,13.13
30.6,11.39
29.45,13.25
30.13,10.54
31.2,12.74
30.4,11.87
30.44,12.11
31.62,14.56
31.94,15.19
33.69,20.85
33.28,18.89
32.1,17.16
30.93,14.56
30.25,13.46
30.67,16.74
30.62,14.54
31.25,15.4
33.19,15.99
25.58,14.69
31.25,15.77
28.83,13.35
26.55,12.23
29.15,12.98
29.13,12.77
31.46,14.57
30.87,16.43
30.2,14.29
20.53,15.09
26.56,11.78
23.39,15.11
24.81,15.69
23.34,16.52
29.51,14.44
23.42,15.23
28.09,12.36
26.52,10.57
23.15,14.97
23.53,14.74
23.34,13.53
24.86,15.82
24.78,15.31
33.55,15.85
31.76,17.74
24.5,16.99
29.3,14.87
30.38,14.56
29.9,13.88
30.11,14.55
25.24,15.65
26.1,14.8
26.1,14.6
26.6,15.24
26,14.4
24.4,15.6
24.2,15.5
25,15.7
23.8,15.2
25,14.5
25.4,14.5
24.8,14.2
24.2,14.3
24.2,14.5
22.4,15.5
25,15.1
25,15
25,14
23.5,15
24,14.5
24.2,12.9
24.2,14.2
23.6,14.6
24.3,15.3
24,14.4
23,13.4
23.4,14
23,16.3
24,16
24,16.7
24,14.8
24.7,14.4
22.8,15.6
22.5,14
22.7,14.2
25,13.5
25.2,14.7
23.2,14.9
21.5,15.5
21.8,15
23.3,14.4
23.2,14.8
21.6,14.4
24,14.6
24.4,13.4
24,14.9
23.9,14.7
23.6,14.2
24.5,15
25.5,15.7
22.7,15.5
23.6,13.6
23,15
25.6,14.9
22.5,13.8
24.4,14.4
24.6,13.8
21.5,13.4
21.5,15.2
23.6,13.7
24.4,13.8
23.5,13.3
24.4,14.9
24.5,13.5
23.6,14.1
24.6,13.8
23.2,13
24.2,13.8
24,15.4
24.2,13.8
22.7,13.6
24.5,12.3
24.5,13.3
23.4,13
24.8,12.6
23,12.8
23,13
24.5,12.9
24.5,13.5
26.6,13.1
24.5,13.5
25.2,13.2
24.7,14
24.6,13.8
26,13
24.5,11.6
25.4,11
26,12
26,15
27.2,14
25,14.6
26.1,14.6
26.6,11.9
26.6,12.4
23,13.6
25.3,14
24.5,13.5
25.5,14.4
26.8,14.6
26.6,14
26.5,12.2
27.1,12.8
27,12.5
28.4,13
25.5,13.7
26.6,12.8
26.3,12.5
26.3,13.5
26,12.5
24.8,5.7
26.3,13.6
27,15.2
27.3,14.5
26.3,14
27,14.2
25,13.2
25.2,14.2
25.5,13.2
26.2,13.2
26,13.6
25.2,14.5
25.4,12.5
26.4,14
26.5,12.9
26,13.4
25.8,15
25.7,14.3
26.8,12.6
25.8,12.6
26.1,12
26.4,14.5
26.3,13
26.2,12.6
27.6,13
26.4,13.1
25.5,13.2
26,16.2
27.1,12.3
26.2,11.7
26,11.3
26,11.4
25.2,13.4
26,12.2
25.2,11.5
26.1,11.6
26.3,10.5
27,8.5
26.1,9
28,9.2
25.9,9.8
26.8,9.6
27.5,10.2
26.1,10
25.3,11.9
26.5,10
26,10.4
25.2,9.2
25.2,9.8
26.5,10.2
26.1,10.5
26.4,9.2
26.3,9.4
26,9.6
25,8.3
24.6,8.5
25,8.3
26.5,8.7
26.1,9.9
25.8,9.7
24.5,9.2
28,12.7
28.6,11.3
27,10.2
27.1,9.4
28.2,9.6
27.5,8.2
28.7,6.2
25.3,8.1
24.4,9.5
24.5,9
25,9.7
24.3,9.1
24.5,9
21.8,8.4
24.4,8.5
24,9.4
26.5,9.3
25.7,9.5
26.5,10.2
25.6,8.8
24.5,8.4
27,9.2
26,7.6
28.5,9.5
26,7.4
24.1,7
26.4,6.5
23.4,6.3
23.2,6.4
24.5,6.1
23.5,7.5
24,9.5
25.3,8.2
27,10.5
24.6,9
22.5,8.5
23.6,4.5
24.5,13.68
25.2,9.4
25.5,11
26.6,8.6
28.06,12.3
25.7,11.2
25,8.8
26.4,10.6
27,10.5
27.4,12.6
27,9.4
25,8.5
25.5,7.5
24.1,6.6
26.3,7.8
26,10.23
26.4,8.4
27,7.6
28,9.5
25.1,9.5
25.8,10.9
24.7,10.2
26,10
25.5,10.5
26.5,11.5
27.8,10.5
26.2,14
24.6,8.6
24.5,6.9
26,6.2
25.5,5.8
24.4,6.7
24.9,7.5
26,8.5
26.8,10.2
25.9,9.2
26,8.1
26,7.6
27,8.5
26.9,9.6
27.6,9.2
26.6,11
27.5,10
25.7,9.5
25.2,8.7
25.6,9.3
26.6,8.9
26.1,10.9
26.2,9.2
26.3,7.5
26.3,7.8
27,8.2
27.7,9.4
27.6,9
28.2,11.6
31.6,11
30.6,13.9
31.2,13.2
29.8,15
31.6,17
32.1,14.9
31,19
31,17.6
28.4,19.2
27.4,15.4
27.2,16.6
28.9,15.7
28.2,16.4
30.2,13.5
29.2,13.5
32.4,14.7
32.6,14.2
32.1,15.4
30.5,13.7
30.6,14
30,13.1
31.4,12.5
30.6,12
30.2,13.8
29.2,18
30.6,14.3
30.5,12.5
29.4,12
28.1,9.9
28.2,9
27.8,8.8
28.5,10.4
29.3,11.4
30.9,15
32,14.5
31.7,16.4
31.8,16.5
32,15
30,15.2
21.92,16.6
30.3,16
29.5,16.6
30.3,15
30.2,17
29.3,16
30,16.6
29.9,15.5
27,18.2
25.2,14.6
27.5,16
28.3,15.8
27.5,17.1
28,16.5
29,17.5
29.6,17.2
28.6,13.2
28.9,12.7
31,14.5
30.2,18.2
29.8,17.2
29.9,20.7
29.5,17.9
27.3,18
28.2,15.5
27,14
27.3,16
26.8,15
28.8,15.3
29.2,16.6
28.7,16.7
29.6,16.4
30,16.5
29.5,16.3
27.6,16.3
28.5,14.2
29.2,16.6
29.6,16.2
29.6,16.4
27.6,14.3
28.5,17.6
29,18.1
31.8,15
31.5,14.6
30.9,15.5
29.7,16.3
28.5,16.2
28,15.4
29.5,15.3
29.5,15.3
28.2,15.6
29.3,15.4
28.9,16.8
26.6,15.8
27.6,11.5
26.6,15.5
28.3,15
28,15
26.1,14.6
27,13.6
28.2,14.9
27.8,15.8
26.6,15.8
27.2,16
29.2,13.7
26.6,15.1
28.1,15.4
29.1,15.4
27.3,15
27.4,15.3
26.6,15.2
26,14.6
25.8,16.3
25.5,16.6
26.7,14.3
24.4,14
24.5,14.5
26.1,13.4
25.2,15.6
25,13.3
24.8,13.5
24.4,14.6
26.3,13.5
25.2,14
25,15.2
24.7,15
24.3,14.1
25.5,15.5
25.2,15.6
25.3,13.6
24,14.5
23.4,15.5
26.7,14
24,14.4
24.6,14.6
24.2,14.6
23.4,13.8
22.9,14
23,14
23.2,14.4
24.5,12.5
24.5,14.4
23.5,15.1
22,14.1
22.5,14.5
22,14.1
23.2,13.9
22.9,14.1
23.8,14.5
22.5,14.7
21.7,14.2
23.8,13.1
24.5,15.2
21.5,15
22.5,14.5
23.6,14.2
22,16.2
23.2,15.6
22.6,14.5
23,14.2
20.8,14.6
22.4,14.1
22.6,15.3
23.1,15
23.8,14.2
22,15.5
21.7,14.7
22.6,14.1
22.6,14.6
22.6,14.6
23.4,13.5
24.8,14.8
24.5,13.4
23.7,15.4
24.5,13.2
23.9,13.5
26,13
23.2,14.2
23.6,12.5
25.4,14.5
25.3,13.6
26.2,13.9
24,15.7
23.7,13.8
24.6,13.9
24.2,14
24.6,12.4
25.1,14.1
24.9,12.7
25.5,13.3
24.6,13.4
24.2,12
25,12.3
26,12.5
25.1,13.5
23,13.8
24.6,13.8
24.6,10.4
26,12.5
25.6,11
26.2,14.5
25.8,12.7
25.5,12.5
25.6,13.5
26.5,14
25.8,15
25.7,12.9
25.5,13.9
26.2,15.5
25.4,14.5
25,14.9
25,14.8
24.8,15
26.2,14
24.5,13.9
26,14.2
26.2,13.5
25,15
24.2,15
25,14.6
25.5,14.1
25.6,14.4
25.6,14
23.6,15
25.1,15.4
23,14.3
26,15.7
26,14
26,14.5
25,14.9
25.9,14.7
23.5,15.4
22.8,14.6
26,14
27,14.2
27,14
26.3,10.2
26,10
25.8,11.5
25.4,12
23.4,12.7
24.9,12.5
25,13
26.1,13.6
25.1,13.7
26,13.5
25,14.3
24.4,14.4
24.5,14.5
18.93,14.8
25,12.2
25.8,13
25.3,12
25.5,12.5
26,12.5
27,13
25.9,12.3
26.4,10
25.7,8.5
26.5,9.5
24.7,9.2
26,10.2
24.6,11.7
24.6,11.6
24.1,15.2
24.2,13.4
24.6,11.7
24.4,14.6
24.5,13.2
24.6,13.5
26.2,13.2
26.6,10.8
26,10.5
25.5,11
25.6,12.5
26,12.5
26,12
27.5,10.6
26.6,11.5
26,11.6
26.1,11.1
26.4,11.2
24.6,11
23.6,11
24,11.2
25.5,8.9
25.5,8.9
25.5,10.1
24.1,10.4
24.5,8.6
24.3,8.9
25.2,8.5
24.6,8.3
24.4,8.5
23.8,8.7
26.5,8.8
26.8,11.4
26.6,10.7
25.6,11.4
27.5,12.2
26.6,13
27.5,9.1
27,9.4
26.2,10.2
27.7,11
28.5,10.5
28.8,10.5
28.2,10.9
27.4,10.2
27.2,9.7
26.8,11.5
23.4,12.1
24.5,10
24,8.6
23.8,7.3
23.1,6.2
23.5,5.5
24.1,6.2
25,6
24.6,6.5
22.6,5.6
25.3,6
23.6,7
24,7.5
23.2,7
23.5,6.6
25.2,7.8
27.2,8.6
28,8.4
27.4,10
29.1,12.2
27.4,11.9
25.5,11.6
25.7,8.4
24.1,6.9
24,5.9
23.2,5.5
25.2,6
23.9,6
24,5.5
23.5,6.8
25.2,6.9
24.9,12
25.9,13.2
27,12
28.6,11.3
26.1,10.9
26.6,12.9
28.7,11.3
30.6,12.2
28.8,13
27.6,14.6
27,11.8
28,12.6
28,11.9
28.6,12
27.5,12.8
29.1,8.9
28.4,10.2
30.8,8.5
31,11.5
30,8.6
28.5,9.3
28.9,10.6
28.8,10
29.2,10
27.2,10.5
30.3,12.4
30.2,13.6
31.3,15
30.2,14
31.5,14.8
29,13.5
30.2,14.5
29.6,13
28.8,14
29.5,12.8
30,13.5
28.6,12.4
26.5,12.4
28,17.1
30.2,13.7
28,13.2
28,12.5
28.5,12.2
28.6,17.4
29,15.9
28.4,16.8
31.4,15.5
29.2,16.2
30.5,16.8
29,15.6
28.5,17.2
29.2,15.5
29.6,15
30.3,15.9
28.7,16.8
28.2,17
29.6,17.7
28.1,16.8
30,16.9
29.8,18.4
28.4,19
29.5,14.9
29,14.5
29.2,16.4
25.2,15.2
25.7,15.9
27.6,14.2
28.5,12.5
28.6,16.5
29.8,20.4
25,16.1
29.9,15.8
26.2,15.5
26.1,16
26,14.8
28.2,14.4
29,10.2
29.8,10.8
30,11.3
31,12.4
31.7,13.5
31.2,14.1
31.6,13.4
29.2,15.4
28,17.5
28.8,16.5
30.2,16.2
30,20
28.5,16.4
27.5,15.4
28.4,15.6
28.6,16
29.2,15
28,15
28.1,18.4
27.4,16.5
28,15.2
28.3,14.5
26.8,14.2
26.6,16.4
27.2,14.2
28,15.9
28.1,15.4
27,16
27.5,15.6
27.3,14.1
26.8,15.2
27.6,16
26.5,15.6
23.1,14
25.6,15.5
27.1,14
26.5,15
25.3,14.4
26.4,14.2
26.2,14.4
27,14.5
26,15.4
26.4,15
26,15.6
25.9,15.1
27.4,15.2
26.9,15.2
27.2,14
27.5,13
27.9,13.5
27.6,15.2
25,16.5
26.8,15.6
25.5,13.5
25.4,13.9
26.8,14
26.2,14.6
24.6,14.1
25.5,15.8
24,13.6
26.6,14.4
25.6,13.5
26.5,14.6
24.2,14.1
24.4,13
26.2,16.3
26,15.2
25.8,13.8
24,15
25.6,14.9
24.1,14.6
23.3,14.5
26.4,14.7
25.8,13
25.4,14.5
24.5,13.6
25,13.7
23.6,13.5
23.6,15.3
24,14.9
22.3,14.7
24,14.3
22.5,13
24.9,12.7
24.2,15
23.5,13.5
24.2,13.3
23.5,13
23.2,13.2
24.5,14
21.8,14.6
22.8,14.4
24.5,15
24.9,14.1
25.7,12.6
23.8,13
25,13.5
24.2,13.1
25,15
24.3,14.4
24.5,13.2
25.4,14.2
26.2,15
25.6,13.9
25,14
24.1,15.5
24.2,15.6
22.8,13.6
24.7,13.8
23.6,15.2
24.3,13.5
25,13.6
24.8,15.6
25.1,14.7
25.4,13.3
25.5,14.5
24,14.6
24.5,14.5
25.1,14.5
24.4,14.7
21.9,14.5
24,14.4
23.4,14.5
25,14.2
22.4,14
23.4,13.5
21.5,14
23.8,14.2
22.4,13.2
22.8,13.5
24.6,14.3
25,13.5
24.4,14.5
22,14.3
24.2,14.2
25.2,15
26,14.9
25.6,13
25,12.7
24.5,13.5
24,13.8
25.2,13.6
25.7,12.4
26.5,14.1
26.3,12.6
24,14
26,12.4
24.9,13
25.6,14.3
26.6,13.1
26.2,14.2
25.6,15
25.7,14.5
25.5,14.5
24.5,14.2
23.9,13.5
25,12.7
24.4,16
25.2,14.6
24.5,14.8
27,13.8
26.9,13.6
26,14.8
26,15.2
25.8,14.5
25.6,13
26.5,13.4
26.4,15.5
26.5,14.3
26.4,14.2
27.4,13.6
26.6,11.5
27,11.4
27.2,11.4
26,12.2
23.5,15
25,15.3
26,15.4
24.2,13.6
25.9,15.5
25.9,15.3
25.1,14.9
24.5,15.2
26.2,14.5
27.3,11.3
26.5,11.5
26,12.8
26.2,12
26.5,12.4
26.9,13.6
25.4,13.6
26.8,14.4
27,13
27.6,13
26.5,12.8
27.5,12
26.6,14.5
26.5,13.5
26.5,11.8
28,10.9
26.3,11.7
26.1,11.5
26.7,14.5
28.6,15.8
28,13
28,13.2
26.5,11.9
27,11.5
26.8,11.2
26,11.1
27.9,11.2
27,11.7
27.2,10.1
26.6,9.6
26.2,10
27,9.6
27.3,10
26.1,10
26.8,9.6
27.6,9.1
28.4,8.5
27.2,8
25.8,3.3
26.4,8.2
26.1,10
26.5,9.5
25.4,9.8
26.7,9.5
25.6,9.5
25.3,11.2
26.3,12.5
25.5,10.5
26,10.5
26.2,14.5
27.5,13.5
26.5,10
25.8,9.4
25.2,8.5
26,8.5
26.6,9.3
26.2,8.5
27.2,10.2
27.2,10.5
26.8,10
26.6,9.5
29.2,8.4
26.6,5
28.4,4
25.1,5.2
25.8,6
25.5,7.2
27,6.1
26,8.5
25.6,9.7
26,10.5
27.8,15
26,12.5
26.1,11.2
26.4,11.9
26.8,11.1
27.2,13.5
29,11.8
25.8,10.8
27,11.2
28,11
28,12.1
27.7,11.3
27.2,10.8
26.8,9
26,9.8
28.4,9.8
28,8
27.6,8.5
29.2,8.9
29.4,10.3
29.6,10
30,10.5
29.9,10
29.9,10.1
29.3,12
26.4,11.3
29.4,10.7
27.6,11.5
29,11
28,9.5
26.9,10.4
26.5,10.3
27.8,11.5
26,13
26.9,11
28,11.9
29.7,10.5
27,11.5
27.5,10.6
27,11.3
30,9.5
29.2,10.5
29.4,11.2
30.55,12.7
30.3,13.5
27.4,14.4
29.1,13
27.9,13.4
30.2,12.3
27.2,14.1
28.3,14.5
28.8,13.7
29.1,10
28.6,14
28.6,12.7
27.5,10
28.4,10.5
29.5,11
28,13
29.5,12
29.1,13.5
29,12.2
27.5,11
29.6,12.5
29.5,11.2
29,10.5
28,11.2
27.5,10
29,13.2
29.6,12
30.5,11.7
30,12.5
28.2,11.6
29.6,11.2
29.2,11.5
28,10
27.5,9.5
27,10
28.6,9.6
28.8,10.6
30,10.7
30.6,16.5
30.5,17.5
30.6,15.8
30.5,18.2
31.7,19.4
31,15.3
32.1,15.5
32.5,16.3
31.6,15
32.9,18.2
30.1,17
31,16.5
32.2,16.6
31.6,17
29.3,17
28,15.8
29.2,14.9
30,13
29,13.2
30.7,13.8
29.5,16.4
30.1,18
29.1,15.6
30.6,15.6
31.5,14.1
32.5,21
30,17.8
29.2,16.2
30.6,18.6
32.5,17
30.9,17.6
29,18.2
28.5,17.2
28,15.5
30.6,18
30,16.8
28.6,15
27.8,15
27.9,15.2
29.5,15
28.4,17
28.6,17.8
28,15
29.7,15.7
30.8,14.6
28.5,14
27.1,18
28,19.5
26,15.9
27.8,14.5
28.7,15.7
30,15.1
29.7,15.4
28.9,15.8
28,16.5
30,15
28.2,15.2
31.5,15.3
29,16
30,15.7
26.1,14.6
27.2,16.2
27.1,14
28,15.5
27,16.9
25.5,15.3
26.5,14.5
25,15.5
25.9,15
26.9,15.5
24,16.2
24,15.5
25.6,15
25.5,16.9
25,14.2
25.5,16
26.2,15.9
26.2,15.3
26.5,15.4
26,16
26.3,16
25.2,16.6
26.4,16
26.5,15.5
26.4,16.9
25.5,14.4
26.5,15.6
24.5,14.5
25.8,15
25.7,16
22.8,14.4
22.5,15
25.3,15.5
23,14
24.8,15
24,14.5
24.3,15
24.8,14.7
24,14.6
24,15
24,15.6
25.8,14.7
24.6,14.7
21.6,16.5
22.1,15
23.6,13.2
22.5,15.4
24.7,14.9
22.6,15.4
23.5,15
24.5,15
23.5,16
23.4,15.6
22.3,15.8
21.6,15.6
22.5,15
24.9,13.7
21.1,16.1
23,15.6
23.5,14.8
22,15.6
22.9,14.2
23,14.5
20.5,15
21.8,14.6
24,15.3
23,15
23.5,15
22.6,15.1
23.8,14.5
23.2,15.8
24.5,14
23.8,15.4
23.2,15.3
23.2,14.5
24.5,16
24,15.5
24.6,14.7
23,14.4
24.7,14
22.7,14.9
22.7,15.2
21,14
23.4,14.6
23.5,15.3
24.1,15.1
24.3,15
24.3,12.2
24.2,15.1
23,14.5
24.9,15.2
23.7,15.1
23.1,14.2
22.5,14.2
23.8,14
23.3,15.6
25.2,14.2
24.4,16
24,14.2
24.7,16
24.5,15.9
24.4,15.7
25.1,14.7
26.2,15
25.5,15.2
24.6,14.6
25.2,12.8
25.8,12.2
26.9,15
26.2,15.5
26.6,15.2
26.4,15.2
26.5,15.8
23.5,14.5
26.7,15.1
24.3,14.5
23.6,14.2
25.5,14.8
25.6,15.5
26.3,13.2
27.5,13.4
27,13.5
27,13.5
26.3,12.5
26.4,15.5
27,12.8
27.6,12.7
27,12
27.5,16.2
26.3,15.6
25.2,12.2
26.2,13.5
26.5,13.9
27,13
26.3,13.6
27,14.1
27,13
26.6,11.5
26.8,12.8
26.2,14
26.2,13
26.5,13.6
28,15
28,13.9
27.4,12.5
27.5,13.5
26.4,14.6
28.4,11.7
27.6,11.5
27.5,11.8
26.8,12.3
27.2,12
27.4,13.4
25.8,15.9
27.5,13.7
29,13.2
28.5,11
28,13
26.7,13.6
28,11.9
26,11.4
27,11.8
26.5,10.5
26.6,11
26,16.5
26.5,15.5
27.6,12.8
27,13.6
27.7,13.5
26,14.7
25.1,15.7
28.2,12
27.2,11.4
26.3,11.5
26,12.6
26.6,13.4
27.5,13.5
29,13
26.5,13.1
27.3,15.4
27,15
27.1,13.5
27.5,12
27.3,11.3
27,12.5
28.2,10.9
25.6,11.2
27.2,11.3
27.2,10.4
26.5,10
26.9,12.2
26.5,12
25.4,11.5
25,12.5
26,10
26.8,9.8
27.6,8.5
26,10
26,9.6
25.9,11.1
29.2,10.3
26.5,9.5
24.8,9
26.9,8.9
26.1,8.6
26.3,8.7
27.2,8.5
26.7,8
28.2,8.5
29,8.6
26.6,8.6
28,8.2
27.5,9.5
29,9
27.5,9
27,10
26,10.3
25,11
26,9.2
25,7.8
26,7.4
25,7.8
26,7.6
26,7.5
26,9.2
28,10
28,11
28,12.5
28,11.3
29,8.8
30,7.1
28,8
29,9
29,8.9
29,8.8
28,8
27,9
27,9.4
26,9.1
26,11.5
27,9.5
27,13.5
28,12.5
27,11
26,10
28,8.6
27,10
29,10.3
29,11.6
30,12
30,11.6
30,13
27,12.5
28,14.4
25,12
26,12.5
27,8.8
28,8.5
28,8.9
26,9
26,8.5
29,7.5
27,8.1
26,8.2
29,11.2
27,10.5
29,11.5
26,11
28,12.4
30,13
31,15
26,16.8
28,17.5
29,14
28,12.5
27,10.3
30,8.4
28,8
26,8.3
27,8.6
27,8.1
29,10.1
29,9.8
29,10.9
28,8.5
28,8.4
28,9.6
28,8
28,8.4
29,9.3
33,10.2
32,14.1
32,9
32,18.2
30,19.5
26,17.2
28,17.3
29,15.6
29,14.2
30,14.2
29,16.1
32,16.5
31,10.2
32,14.8
32,13.5
31,17.6
33,18.1
32,18.7
32,20.4
29,19.4
31,14.3
29,12.2
29,13.2
30,12.4
31,13
31,13.7
32,15.6
32,16
32,21.2
30,17.6
32,19.6
32,19.9
31,21.2
30,21.4
30,16.6
29,17.1
28,16.8
27,14.6
29,16.2
29,17
30,18
30,14
30,13
30,13.6
31,14
32,15.6
30,21.1
30,16.8
32,16.6
30,18.1
24,11.8
27,16.5
29,16
31,16.8
31,17.5
29,17.8
29,17.6
30,18
30,16.9
31,20.9
31,18
30,15.5
30,19.6
28,18
29,16
29,16
30,15
31,13.8
32,15
32,16
29,17.5
29,15.5
29,15.5
26,17.9
27,14.5
26,15.8
28,15
28,17.5
29,16
30,16
29,16
31,16
28,16.5
26,15.6
24,14.6
29,13.6
28,13.5
27,17.5
27,15
30,14.4
29,16.2
29,15.8
27,17.4
26,16.1
26,16.2
27,17.1
28,15.5
28,15
30,16
28,15.5
28,15.5
28,14.5
25,15.2
27,13.6
26,15.3
24,14.9
26,12.4
26,13.6
27,14.2
25,15.8
26,14.9
27,16.7
25,15
24,15
25,14.7
26,16
24,15.5
25,15.8
24,15.1
26,16.5
25,15
25,15
24,14.5
25,15.6
24,15
23,15.8
24,15.2
25,16
22,16
24,15.6
24,15.2
23,15.5
22,15
24,14.7
23,15.4
23,15.4
23,14.5
24,14.5
25,15.8
23,16.6
22,14
22,15.4
24,14.1
24,14
24,13.8
24,15.5
23,14.3
25,15
26,14.7
26,14
22,14.5
26,16
25,15.8
25,14.5
26,14.8
26,14.5
22,14.5
24,15.6
24,13.3
22,14.4
24,13.5
23,14.6
24,14.9
26,12.3
26,15.4
25,14
26,16.1
25,15.1
24,15.6
25,15.4
24,14.7
24,14.9
25,15.2
22,16
24,14.5
23,15.5
24,14.3
26,13
27,12.8
24,13
23,13.4
26,12.6
27,13
26,15.2
24,15.4
27,14
26,14
27,13.6
26,14.5
25,13.4
26,12.6
27,14
27,13.8
27,13.5
27,15.5
27,13
28,14.6
28,15.5
27,14
26,14
26,14.5
27,14.2
27,14.6
27,14
27,14
27,15.1
27,14.6
28,13.8
28,13.6
27,13.6
28,12.9
27,12.6
27,15.4
27,16.2
26,14.4
27,14.2
27,15
28,15
27,14
28,13.2
28,14.5
27,15.6
28,16.1
28,12.1
27,9.5
27,10.6
27,13.4
28,12.5
27,12.5
27,13.6
26,15.3
25,14.1
27,12.2
28,11.5
27,11.3
26,11.6
27,11.4
26,13.4
27,11.4
27,10
27,9.4
26,8.5
26,10.7
26,11.5
26,15.7
27,11.5
26,10.5
26,12.1
26,10
27,13
26,12.5
27,14.6
27,16.6
28,12.2
27,14.1
28,14.7
28,11.7
28,12.5
27,15.5
27,12.1
27,11.5
27,10.5
27,8.5
28,8.5
28,10.5
28,10.2
28,12.7
27,12.8
28,11.8
27,10.5
27,11.1
27,12
28,13.6
29,11.5
27,12.4
26,11.6
25,11.4
27,13
26,11.8
27,12.6
26,14.9
28,12.5
27,12.4
27,11
26,13.8
25,11
26,12
26,13.8
27,10.8
26,11.5
25,12.3
25,11.4
26,12.5
25,9
24,7.3
26,8.2
25,8.5
26,10
29,8.6
28,13.6
28,12.5
26,11.3
26,8.5
27,7
28,7.9
25,7.5
25,7.4
25,7.5
26,7.5
27,8.2
27,13.5
27,12.5
27,12
27,10.8
28,9.6
27,10
26,10
28,10.1
28,11.4
28,11.4
28,11.2
29,11.1
29,15
29,15
29,10.8
27,11.1
28,11.5
28,11.5
29,13.8
29,13.2
31,14
31,13.7
31,10.6
30,11
30,11.4
29,11.7
29,10.5
28,10.5
26,9.5
27,10.7
28,9.6
31,12.2
31,12.7
30,13
30,12.6
30,13.9
30,16
30,12.9
31,12.6
30,13.6
33,13
30,14
31,15
31,13.5
31,14.5
32,16
31,16.6
31,15.5
31,17
29,16
30,12
31,12.1
30,11.5
30,11.7
31,13.2
30,12.9
30,12.2
31,12.9
29,10.5
29,12.6
30,16
29,19.3
25,15.7
25,15.8
26,15.8
24,14.6
26,14.5
26,13
29,11
31,14.7
29,19
30,14.2
30,15.4
30,17.5
31,14.5
30,15.5
30,17
31,17.6
31,16
30,18.9
30,17
31,18.1
31,17.4
31,15.5
31,16.5
30,19.7
31,18.2
30,20
30,14.6
31,15.2
30,15.5
30,14.5
33,19.4
30,16.9
28,18.1
27,14.6
30,16
28,15.3
29,17.5
29,16
27,15
28,14.4
30,16
31,15.7
31,15.5
31,16
32,16.2
30,16.4
30,16
29,17.6
23,16.5
23,17
24,14.4
26,14.9
29,14.8
28,17
29,18
25,17
23,16.2
26,15.5
26,15.4
25,15.5
27,15.6
28,15.5
28,15.5
27,16.5
27,15.6
26,16.5
27,15.4
27,14.1
27,15.5
27,15
26,14.7
27,14.5
27,13.4
26,14
25,15.4
25,15
24,15
24,14.5
25,15.4
26,13.9
26,14
26,14
26,14.5
27,13
26,15.6
25,16.6
25,16.3
26,16.2
26,16
27,14
28,15.3
29,14.8
27,16
26,16
25,15.5
25,13.7
25,13.6
26,14
27,14.6
29,15.5
28,16
27,16.5
28,13.7
26,13.3
26,13.6
27,14.5
26,15.2
25,15.2
26,14.6
26,14
25,15.7
26,14.3
27,13.2
21,14.6
24,15
24,15
25,15.6
25,14
23,15.1
25,15.1
23,15.4
24,15.5
25,14.2
25,13.8
25,13.6
24,14
25,15
26,15.9
26,14.8
26,14.8
24,14.3
25,14.7
25,15.5
25,15.2
26,14.3
25,14.8
25,16
24,16.5
24,14.7
24,14
24,14.6
23,15.5
25,14.6
24,14.2
24,13.4
25,14.1
24,13.7
25,14.5
26,13
25,15.5
24,13.4
23,14.3
22,14.5
26,14.6
25,15.2
24,15
25,15
27,14
25,14.2
25,14.6
25,15
25,13
27,14.5
26,14.5
24,14.4
25,13.4
26,13.4
26,14.2
26,15.5
25,13
25,12.8
27,12.7
27,14.5
26,14.9
25,14.4
24,14.5
24,13.6
26,14.2
27,13
28,13.8
27,14.5
27,15.7
27,15
27,15.2
28,14.5
26,13.7
25,14.4
28,12.8
27,13.5
27,13.3
28,15.3
28,13.7
27,14
25,15.5
27,14.1
28,16
26,16.4
28,14.1
27,14.3
27,14.3
26,15
27,14.1
27,13
30,14.3
27,12.7
28,12
27,12.2
28,12.2
28,12.2
28,13.5
28,13.1
27,12.9
27,14.4
28,14.1
28,13.5
28,12.7
29,11.8
29,12.6
28,11.9
28,11.5
27,11.5
27,11.9
28,12.2
27,11.5
27,11.4
27,11.1
27,15
27,15.7
27,13.7
28,13
28,12.5
28,12.5
27,11
28,9
28,8.1
28,10
27,13
26,10.6
27,11
21,13.9
24,12.2
23,14
24,12.9
28,12.9
28,11.2
27,11
25,13
28,12.8
26,14.7
28,11.4
28,11.6
28,10.6
28,10.5
28,10.3
27,11.3
28,10.5
27,10
26,11.5
26,10.9
26,10.2
26,9.6
26,9.6
26,11.1
27,10
28,9.9
28,10.7
27,11.6
26,11.8
26,11
28,10.9
27,11
27,11.3
27,10
27,10.5
27,9.8
26,9.5
25,9
26,10
28,9.9
28,15.8
27,12
28,11.6
27,10.5
29,9.8
28,10.2
28,10
27,9.8
28,10.1
27,9.5
28,8.5
28,7.5
28,9
26,10.3
27,9
28,10.9
28,11
30,11.4
28,16.5
27,11.4
27,11.1
28,10.2
27,10.2
26,9.2
27,12.1
27,12.5
25,10.5
26,7
27,9
25,7.4
25,6
26,6.8
27,7.8
27,11.6
27,9.6
29,11.7
28,11.9
30,11.5
29,10.5
29,7.1
29,11.2
29,11.2
31,12
29,11.4
30,10.7
29,10.5
28,10.4
29,10.5
28,9.5
28,10
29,10
29,12.1
29,12.1
30,12.5
30,12.6
31,12
29,11.4
29,11
29,11.2
28,11
30,11.2
29,11.8
30,12
29,14
30,11
32,13.5
31,17.8
30,19.5
30,16.6
31,16
31,15.4
31,17.4
31,15.5
31,15.8
32,19
30,17.9
32,16.5
32,15.2
32,14.4
31,16.3
30,14.5
29,15
29,18.1
31,16.6
33,16.3
30,16
30,15.7
30,15.4
30,13.4
30,14
29,14
29,11.5
30,11.4
30,12
30,10.2
30,12.4
31,12.5
31,13.4
32,13.2
30,13.6
29,13.6
27,15.8
29,16
27,16.7
30,15
29,16.5
30,14.5
32,15.5
31,19
31,18
30,16.5
32,16
32,16
30,16.1
30,17
28,18
28,16.5
29,13.2
30,12.4
30,12.7
31,12
30,14.5
28,17.4
27,16.7
30,14.4
30,16.6
31,15.6
30,17.5
32,15.5
31,18.5
30,17.1
29,16.1
29,16
29,15.2
29,16.5
28,14.5
29,17.6
28,17.3
25,15.7
27,15
28,15.6
28,16
28,16.3
26,14.5
28,15.6
28,14.5
28,14.5
27,16.1
28,14.4
29,14.5
29,16
28,17.1
28,16.5
29,15.7
27,17
26,14.5
25,14.5
25,13.6
26,13.2
29,15.5
28,14.5
26,13.8
27,14.6
26,14.1
28,14.5
27,15
27,14.5
28,15
27,14.5
27,15.5
26,15.6
24,17
28,13.5
28,14
25,14
27,15
26,14.6
26,15.6
27,15
28,14.5
27,16
25,16.2
27,15.4
25,15.6
26,15
26,13.7
27,13.3
25,15.8
25,14.9
25,15
24,15.2
25,15.5
25,15.7
24,15.2
25,15
24,14.7
24,13.8
21,15.6
24,14.6
25,13.5
24,13.6
24,15.2
25,14.9
24,15.2
25,16.6
24,14.2
24,15.9
27,14.7
25,14.4
26,14
25,14.5
27,13.9
26,16.6
26,16.4
27,14.7
27,15.6
28,15
27,14.7
26,15.2
26,16.6
26,14.3
26,14.8
26,13.9
24,14.8
27,15
26,13.8
26,15.6
25,16.5
24,15.5
25,14.9
26,15.6
26,15.6
24,13.6
25,15.5
26,13.7
25,14
26,15.4
25,13
27,15.1
27,15
26,15.5
28,15.4
27,14.3
26,15.5
23,14.5
27,14
25,14.5
26,13.5
28,12.8
27,12.8
27,14
27,13.5
27,13.5
26,13.5
27,13.5
28,13.6
27,14.8
28,14.4
27,14.4
26,14.4
27,15.5
27,13.2
26,13.9
27,15.7
28,13.5
27,13.8
29,13.5
27,15
28,13.8
28,13.7
28,14.4
28,13.9
29,14
29,15
29,17.1
28,13.2
27,13.2
28,13.4
28,13.7
29,13.6
27,14.5
29,15
28,14.4
28,15
27,14.4
29,14
26,13.6
28,13.6
28,16
28,13
28,13.5
28,13.4
28,14
29,14.9
26,15.4
28,14.1
25,16
27,15.5
23,15.2
27,15.1
26,13.7
25,16
26,14.5
28,14
28,15.2
28,13.6
27,12.8
26,14.5
27,15
27,15.4
28,15.2
28,15.4
29,13.9
28,15.5
28,15.1
29,14
28,14
29,14.5
27,15.5
27,15.5
27,15.6
26,15.5
26,14.2
27,12.9
27,12.8
27,13.8
27,10.5
27,11.5
27,11.5
29,11.4
29,12.5
26,13
28,11.6
28,12.5
27,11.6
28,12.5
27,14.4
27,15
27,14
28,13.2
28,13.5
29,13.1
29,12.2
28,10.9
28,10.9
28,11
27,12.2
26,11.8
27,11.6
27,10.6
28,9.6
27,11.1
27,10.5
27,10
28,10.7
29,10.6
30,10
27,11
27,10.1
27,10.2
27,11.2
28,14.1
28,12.6
28,12.5
27,12.6
28,11.3
28,13.4
28,12.1
29,11
30,9.5
28,11
28,11.4
28,10.5
28,10.5
28,15.1
27,12.4
28,9.5
30,9.4
29,12.9
28,13.5
28,9.5
26,9
28,8.5
28,8.3
27,7.4
27,7.5
27,8.2
28,7.5
28,9.5
28,8.3
29,12.5
29,10.4
30,11.7
30,12.5
30,10.5
30,10.8
31,10
31,11.1
31,10.6
32,10.5
31,10
29,11
29,9.5
31,9
30,9.4
31,8.6
31,10.2
31,10.1
31,11.5
29,11
29,10.4
30,9.5
27,9.9
27,7.8
27,6.3
30,6.1
27,7.9
30,7.2
29,3.1
30,10.5
30,10.3
30,9
32,9
30,14.6
30,12.9
32,14
31,13.3
31,15.4
30,12.7
30,11.5
32,11.9
31,12.7
32,13.1
31,12.6
34,13.6
31,16.1
29,13
31,11.7
31,9
31,9.9
31,9.6
34,13.3
34,17
34,17
34,16.2
35,17.1
35,19.2
33,16
32,14.4
32,15.1
33,16.1
35,16.2
34,14.6
33,16.3
33,17.6
30,17.6
30,15.6
32,15.5
31,16
34,15
32,16
33,16
34,16.2
34,18
34,17.2
34,16
35,17.6
33,18.6
33,15.2
33,13.6
33,12.7
33,12.5
33,11.7
33,18.6
33,15.7
32,20
34,13.9
33,14
34,15
34,14.2
35,15.5
34,16.3
33,16.3
33,13.5
35,14.4
35,20
32,21.2
33,19.5
35,19.3
34,15.7
33,16.1
34,16.6
32,17
27,16.5
27,14
28,16.7
30,15.5
32,14.8
31,16.1
32,18.7
32,16.2
32,18.5
29,16.3
26,14.4
27,14.5
29,16.9
30,18
30,14.4
32,13.5
33,15.5
33,14.7
32,15
33,14.4
33,15.1
33,17.6
33,17.5
33,16.7
32,16.5
33,17.1
33,17.6
32,20.9
27,15.4
28,15.5
29,17
30,17.6
28,14.7
31,15.6
29,16.5
30,16.1
29,16.2
28,15.5
28,15.4
28,14.1
29,13.6
28,14.7
30,14.3
29,13.6
29,13.5
29,14
29,15.6
29,14.1
30,13.7
28,16.1
29,15.7
28,17
27,15.4
25,15
27,15.2
27,14
27,14.1
28,14
25,14.1
24,14.5
26,14.6
25,15.4
20,14.3
23,15.6
26,13.8
25,16.4
27,16.5
21,16
24,14.6
24,14.7
23,13.5
22,14.4
25,15.5
25,14.1
22,15.6
24,15.5
26,13.5
22,15.5
23,14.5
26,14.6
24,15
20,14.2
23,13.4
22,15
22,14
21,14.8
23,15
20,14.6
19,14.6
20,14.5
22,14.5
20,15.2
23,15.2
23,15.1
23,15.3
26,14.7
23,15.2
23,15.7
21,14.1
24,14.2
26,15.6
27,14.5
26,14.5
24,14
25,15.6
25,15
20,15.5
25,14
25,14
25,16.1
25,14.6
22,15.4
24,14.5
24,14.5
22,14.6
25,13
24,15.5
24,15.6
20,15
22,15.5
22,16
25,14.3
24,13
25,14.2
26,13.6
25,13.5
26,13.9
25,14.1
25,13
26,16
24,13
27,12.6
26,14
27,14.2
27,14.5
25,14.4
25,15.2
24,14.6
23,14.7
25,15
26,14
25,13.6
26,14.3
26,15.5
26,14
26,13
26,13.7
26,16
27,14.5
27,15
27,14.1
28,15.1
28,14.5
28,15
27,14
28,15.2
26,14
27,13.5
28,14.6
27,16.8
27,14
26,14.2
25,13.8
26,13.9
27,13.2
26,9.6
27,15
28,13.9
26,15.2
27,14.5
27,15.7
27,13.7
27,16
27,15.5
28,13.4
27,14.5
27,14.5
27,14.5
28,11.6
27,13.9
28,12.5
27,12
27,11.6
28,11.2
27,11.5
27,11.6
27,11
28,10.2
27,9.3
28,9.2
27,9.9
27,14
28,16
27,14
28,11.7
28,11.5
28,12
28,12.5
28,12.5
29,12.4
28,12
29,11.5
28,10.6
28,8
27,8.5
27,8.6
28,8.7
28,8
29,8.3
28,8.1
28,9
27,9
27,7
27,7
26,7.6
26,10
28,10.6
28,10.7
27,11.7
28,10.8
27,10
27,9.2
27,8.5
28,8
28,8.6
28,8.4
26,7.4
26,7.5
26,7
25,9.5
26,10
28,12
27,13.2
28,11
26,11.4
27,9.5
27,9.5
28,9
27,6.7
27,6
27,5.2
27,4.9
27,5.2
27,6
26,6.4
27,7.2
27,7.8
27,8.5
28,9.2
28,10.1
25,10.1
25,10
24,10
24,13.2
24,13.2
25,10.7
26,10.8
26,9.3
25,8.6
26,8.6
26,10.2
28,10.9
27,10.5
28,10.2
28,11.5
29,9
28,9
29,8
28,9.2
28,10
28,10.3
29,9.4
29,10.2
30,7
30,6.5
31,10
28,9.9
29,10.5
29,8.5
31,7.5
28,10.4
31,8.5
31,8
31,10.2
30,9.7
30,10
30,10
30,10
30,10.5
30,11.8
31,13.4
30,12.5
32,13.2
30,13.2
31,15
32,14.9
31,13
32,12.5
32,11.3
32,11.5
30,12.5
30,12.5
29,12.2
28,10.5
28,9.3
29,9
29,9.6
28,10.5
29,10.6
28,9.5
28,9.4
27,7.5
28,8
29,7.9
27,9
26,8
27,8
27,8.5
29,8.5
29,9.4
31,10.7
31,12.6
33,12.7
32,14.4
33,12.7
31,13
32,14
31,13.5
29,12.8
29,12.7
30,10.7
30,11
32,11
32,10.3
32,14.6
32,16
31,14.1
32,13
33,13.9
33,13.4
32,12.6
32,14
31,14
32,14.4
30,16.6
31,16.2
32,16.2
33,16.3
33,17.9
32,17
32,15.4
30,17.5
31,16.5
32,18.1
32,17
32,15.7
30,15
29,16.5
30,16.8
30,15.8
30,16
30,16.7
29,16.6
26,15
28,15
30,15.2
31,15.9
31,15.5
30,15
32,15.4
28,14
30,13.5
30,14
29,15.4
29,16.5
30,13.7
30,13.4
29,14.5
29,14.2
31,15.1
30,14.9
28,15
31,14.5
29,15.8
29,14
30,13.5
29,13.4
27,14
29,16.5
28,16.5
28,13.5
28,15.9
28,15.6
30,13.5
21,13.2
26,14.5
30,13.2
30,15.5
29,14.2
30,12.8
28,14
29,13.4
30,12.6
30,13
28,13
28,12.2
28,12.5
27,12.3
27,11.5
28,12.7
27,12.8
28,15
30,11.5
30,13.4
30,15.2
27,13.5
28,13.3
28,15.7
26,13.9
28,13
27,15
24,14
23,13
26,12.5
24,13.3
23,12.8
23,13.2
22,14.5
25,13
23,13
24,14
24,12.7
26,13
25,12.5
21,12.5
22,12.5
23,13.6
24,12.5
20,13.8
22,14.5
24,14.5
23,13.5
24,14
25,14.5
24,15.5
22,14.7
22,15
24,15
23,14.2
23,14.5
23,14.8
23,14.8
23,12.6
24,14
25,14
26,13.2
24,13.4
23,14.2
24,14.9
26,15.5
25,13.8
24,15.4
24,15.4
25,14
25,13.8
23,13.8
22,13.3
24,13.5
25,15
25,15.5
22,14.2
22,14.7
23,14.4
23,15
25,14.5
24,14.3
23,13.8
24,14.6
24,13.5
26,15
25,13.8
26,14
27,14.3
24,14
23,14.5
24,13.6
25,12.7
25,14.4
24,14
26,14
24,12.8
26,13.2
25,14.4
26,14
23,12.4
22,14.2
25,13.8
25,12.9
26,13.6
25,14.7
24,12.3
26,12.3
25,13.4
25,13.9
25,12.3
25,14
25,14.2
27,13.7
26,12.7
25,12.8
24,15
27,13.8
27,13.1
25,14.6
27,13.3
26,12.3
26,15.1
26,15
25,14.4
25,14.2
25,14.5
26,15.1
24,15
25,14
24,14
24,13
25,14.6
24,14.6
26,12.4
25,14.2
25,13.8
24,14
25,13.5
24,13
24,14
26,13.8
25,14.2
27,13.5
26,11.2
26,13
26,11.5
27,12
25,14.5
26,15.1
26,14.3
27,12.5
26,12.5
26,14.5
27,12.3
27,13.2
26,12.8
26,13
26,12.5
26,11
26,10
26,8.5
27,9.6
26,8.5
25,10
26,10.8
25,12.4
26,12.8
27,13.1
27,10.6
26,11
26,13.5
25,15
26,11.7
28,9.7
26,8
27,7.3
25,6.3
26,7.8
26,10.2
27,9.5
27,10
26,10
28,10
26,10.7
27,10.2
27,9.5
26,6.9
26,7.7
25,10.5
26,13
28,11.4
26,12.7
26,12
26,10.6
26,11
26,9.9
26,10
27,9.5
26,10.2
26,11
26,11.3
25,13.5
26,10.2
25,9.2
25,8.5
26,7.8
26,9
25,8.9
25,9.5
26,9.6
27,10
26,10
26,10
26,9.2
28,9.7
27,10.5
27,10
27,11.2
28,10.5
27,11.6
27,10.2
28,9.4
26,9.9
26,9
28,8.8
29,9.1
28,10.8
26,8
27,8.5
26,7.5
26,8.2
28,9.1
28,9.5
28,8.5
27,9.4
28,9
28,9.8
30,8.4
28,10.6
27,10
27,9.6
26,8.9
27,8.2
29,9
28,9
27,9.1
28,11.7
28,11.7
30,11.3
29,11.4
28,11
28,11.1
29,9.5
30,10.9
30,11.9
30,9.5
28,11
29,13.4
31,11.5
29,11.2
29,10.2
30,11
30,11.7
30,9.6
30,8.5
30,8.5
28,10.1
28,9.7
31,9.6
29,12.5
29,12.5
30,11.3
30,11.2
31,11.5
30,11.4
29,11
31,11.9
32,12
30,12.8
30,12.7
31,12.5
28,11.7
29,12
30,11.5
31,11.8
31,12.5
31,12.5
30,14
30,13.5
32,13.1
30,13.5
31,15
33,14.3
32,14.8
32,13.6
33,13.7
32,14.8
31,11.6
30,14.7
30,14.4
31,14.5
31,14.4
31,16.3
30,16.6
30,12.6
30,17.2
30,17.5
25,14
29,11.6
20,12.2
26,12.2
28,11.8
30,12.5
30,12.6
30,18.6
31,15
29,17.3
30,13.4
25,13.6
26,14.4
26,14.6
28,14.8
28,16.5
28,16.3
30,14.9
28,15.8
26,11.6
29,14.4
28,15.4
28,18.1
28,16.8
28,12.8
28,12
31,15.1
32,18.4
30,18.6
30,18.5
29,17.7
30,14.9
29,15.8
30,18
29,17.6
29,15
29,15.5
29,14.8
29,15.2
29,13.4
29,14.4
29,15.6
29,14.1
29,15
31,14.2
30,14.7
30,14
29,13.8
31,15.4
32,14.6
32,14.1
29,14.9
30,14.7
29,15.8
30,16
30,13
30,14.4
30,16.5
28,15
28,15.2
28,15.3
26,14.7
26,13.7
28,12
29,13.9
28,14
28,13.9
27,14.5
26,13.9
28,14
30,14.4
30,16.7
27,15.6
28,15.1
29,15.8
29,15.1
28,15.1
27,16
27,12.9
28,13.4
28,16.3
26,14.2
26,15.3
25,13.5
25,14.2
27,15
25,15
24,15
24,13.5
26,15
26,12.9
25,15.8
23,14
23,14.1
26,13.2
25,14.5
25,14.3
25,14.3
27,14.4
26,15.2
26,14.4
26,16.1
26,15.6
25,15.7
26,15
25,14.4
25,14.6
23,14.2
26,15.4
25,13
22,13.7
26,13
23,13.7
21,14.8
25,13.8
24,13.7
23,14
24,13.8
26,12.6
25,14.5
25,14.2
25,13.9
22,14
24,13
22,14.2
21,13.4
25,12
24,13.1
27,14.3
24,12.3
25,14.1
24,12.7
24,13.2
25,13.9
26,15.2
24,13
23,14
24,14.2
24,14.2
25,14.5
23,13.5
26,12.9
24,14.1
27,13.9
25,13.5
26,14.6
25,13
25,13
27,15.5
27,15
26,15
27,15.5
26,14.2
27,14.2
24,13.7
25,14.5
24,14.5
26,15.4
27,13.6
25,13.1
24,13.5
26,13.3
26,12.1
23,12.6
25,11.2
25,11.2
26,12.2
26,12.5
27,14.8
27,12.8
27,12.6
26,14.5
26,13.5
27,12
26,12.5
27,13.2
27,14.1
26,14.5
25,13.3
26,14.4
26,14.2
24,13.4
24,13.7
26,15.1
25,13.1
25,12.6
28,12.5
26,14.6
27,13.8
24,14.5
25,14.4
27,14.6
28,15.1
26,13
26,14
27,14.2
22,14.5
25,14.4
26,15
26,13.7
27,14.7
26,14.1
27,14.5
26,12.2
26,13
27,13
25,12.5
26,12.6
26,12.7
27,12
27,13.1
26,10.8
27,10.9
26,10.8
27,11.6
27,12.7
26,11.6
25,13.8
25,13.7
25,14.4
26,11.8
26,13.5
26,13.8
26,10.5
26,11.4
26,11.5
27,12.6
26,10.5
28,11.1
26,9.4
27,10.5
27,11.9
26,11.6
27,10.7
26,11.3
27,11.1
28,6.6
27,4.7
27,5.6
27,8.6
26,8.1
27,8.7
27,10.5
27,10
27,9
27,9.1
27,7.2
28,6.9
26,7.8
24,7.7
25,7
25,6.6
25,7.8
27,12.2
26,13
26,9
26,9.7
27,10.9
27,11.6
26,10.6
26,9.6
27,9.8
27,9.9
27,9.8
27,8.6
27,8
27,9.4
28,9.5
27,8.4
27,9.3
26,8.5
26,7.2
26,6.5
27,7.5
25,6
25,6
25,6.2
24,4.6
25,6
24,5.5
24,5.5
26,5.7
25,7.1
25,6.4
25,7.2
25,7.9
27,6
28,8
28,6.9
29,5.3
27,7
27,7.6
28,8.1
29,8
27,8
26,8.1
25,8.5
25,7.6
25,6.2
26,6.8
27,7.3
28,6.9
30,7
29,6
30,5.8
29,4.5
27,4.6
26,7.5
26,9.2
25,9.5
26,8.6
26,8.8
26,9.2
27,10.9
28,12.9
29,14.5
30,11.5
29,10.5
29,11.5
30,11
33,10.3
30,10.4
30,11.6
31,11
28,10.5
29,11.6
30,12.7
30,16.9
31,12
31,13.2
31,14.6
32,17.8
31,13.3
30,12.7
27,14.2
29,12.5
28,10.2
28,10.1
29,11.8
27,11
28,9.5
30,9.5
30,9.6
30,16.5
29,16.6
29,11.8
31,11
30,16
28,16
26,9.7
30,14.5
29,14.3
30,16.3
29,16
29,11
29,9
30,9.7
29,9.6
29,11.6
26,15.5
28,14.3
28,10
30,10.5
30,11.8
31,12.7
31,17.7
31,17.6
27,14
28,15
29,15.9
30,15.5
31,12.2
32,13.1
32,14.6
32,14.5
33,14.5
33,15.5
33,13
32,14
32,14.5
31,16.5
30,13.9
27,17
28,14.2
30,12.6
32,13.7
32,15.5
31,16.1
30,14.5
30,16.8
31,12
31,15.6
33,13.5
33,16.7
32,15
30,12.2
31,11.5
32,12.7
33,14.5
32,14
31,16.6
30,15.4
30,14
30,17
30,17.6
31,14.7
31,17.4
29,17.1
29,13
28,14.3
29,14
28,13.3
29,12.4
30,13.4
30,13.3
28,16.1
27,14
28,14.3
29,13.8
29,16
27,14.4
27,14
27,13.7
27,14.2
27,12.5
27,12
29,12.6
29,14.5
27,13.4
26,13.4
27,12.8
27,12
26,12.5
25,13.5
26,14
25,13.5
25,15.2
27,13.5
25,13.8
23,13.5
25,14
27,14.3
24,13
26,14
25,12.6
26,15
26,14.8
25,14.9
26,14.5
26,14.9
25,14
26,15.6
26,16.7
26,16.2
26,16
26,16
26,16.2
27,16
26,15.4
25,15.5
24,15.4
24,15.7
24,15.2
25,15.9
26,16
26,13.4
25,14
25,12.8
26,12.9
25,12.5
25,12
25,11
24,11.3
25,12
26,12
25,12.2
24,13.4
22,11.3
23,11.6
23,11
24,12
20,11.2
25,11.5
22,12.6
21,11.6
24,11.2
23,12.5
24,11.9
24,12
26,12.5
24,12.5
24,11.6
26,11.5
26,12.6
21,12.5
26,10.5
25,12
24,12.5
24,12.5
25,12.5
25,11.1
24,12.8
25,11.5
25,12
26,11.4
25,12
28,12
24,14.5
26,10.6
26,11.2
28,12
24,11.5
23,13
24,10.5
24,11
25,11
25,11.5
25,10.8
25,11.5
26,11.8
27,11.6
26,11.8
28,11
27,11
26,10.5
26,12.5
25,10.8
25,10.2
25,12.2
26,9.6
27,10
25,11
26,11.4
26,11
27,11.1
26,11.6
26,12.5
26,13
27,13.2
26,15
27,15.5
26,14.3
27,14
27,13.5
26,14.3
27,15
27,14.9
27,14.8
27,14.5
28,11.5
28,14.5
28,13.2
27,14.4
27,14
27,15
26,16
27,15
27,15.6
28,15.5
28,14.2
27,15
27,15.5
27,16
27,15.2
27,14.5
27,15
27,14
27,13.5
27,15.4
26,14
26,14.5
25,16
27,14.7
27,14.2
27,15.5
29,15.5
28,13.9
27,15
28,15
27,14.5
26,7.5
28,8
26,9.7
27,10.6
27,11
27,10.8
27,9.4
26,10.4
26,11
26,13.4
26,12.5
26,11.5
26,11.8
25,10
26,11
26,11
27,15.5
27,15.5
27,12
26,12.5
26,12.8
27,13
26,10.8
28,11
28,11
26,10.6
27,11.4
27,11.6
31,11.5
28,13.2
28,10.5
27,11
28,9.8
26,14
27,12
27,11
27,10.5
29,12
30,12.5
28,12.8
28,12.5
28,11
27,10
27,10.5
28,10.8
27,9.4
27,9.5
29,9.5
27,7.4
26,7.5
26,8
26,9
26,8.4
28,7.1
28,16.5
27,15
25,12.5
26,12
26,10.7
26,9.5
26,10.3
26,10.4
27,10.5
27,8
27,10
27,12
24,11.5
23,11.5
25,10
26,12.5
26,11.5
26,10
27,10.5
28,10.5
28,10
28,9.8
27,9.9
30,9
29,8.3
27,8.3
28,9
28,9
29,9
28,9.6
29,10.5
29,10.5
27,10.5
28,10
32,10.7
27,10.5
27,10.5
28,9.8
28,9
30,11
29,11.4
29,11.6
30,11.8
30,11
29,11.5
28,11.8
29,13
28,11.5
28,11.5
28,12.5
27,14.5
29,9.6
30,9.6
29,10.2
30,12
31,16
31,12
32,13.7
31,11.4
31,11.5
30,12.5
28,16
28,15
28,14.5
27,10.6
26,9.6
28,11
29,9.8
29,11.2
30,11
29,10
29,10.6
30,11.6
31,11.8
29,13
31,12.5
30,13.6
29,17.2
30,13.5
31,10.5
29,11.6
30,11.6
32,12.8
30,15.5
31,15.6
31,15
31,14.6
32,15.2
32,15.5
31,18
31,15.7
31,17.5
32,16.8
31,14.5
32,15
32,20
31,16.6
31,17.2
31,16.5
32,19.5
30,16.5
23.4,19.5
27,14.8
28,9.9
28,8.5
30,10.2
31,10
31,12
32,15
32,16.8
32,15.2
32,15
33,14.8
32,14.5
33,13.2
32,14
33,13.5
33,18.6
32,18
32,14.4
31,12.4
31,15.8
31,16.7
30,16
30,17
30,19.6
31,18
31,16.4
31,13
31,13
30,12.8
31,13.5
31,14.7
31,17
31,14.5
33,15.2
30,15
30,16
30,19.9
33,16.8
31,16
30,13.5
31,14.4
31,13
31,13.5
32,14.5
33,15.6
32,16.8
31,19.4
31,20
31,15.5
31,19
30,16
30,16
32,15.2
30,15
30,15
29,14.5
30,14.6
31,14.2
29,15
27,15.6
27,16.2
28,14.7
29,15.5
28,15.5
27,16
26,16
26,14
28,14.4
27,12.8
27,14.5
28,15.6
26,16.6
25,17.3
30,14.8
27,15.6
26,16.4
27,16
26,15.6
27,14.2
27,15.6
26,16.2
27,14.5
28,14.5
26,14
27,15.2
27,14.6
28,15.5
26,15
26,15.2
27,15.5
27,16.5
22,15.3
25,15.5
25,15
26,15.6
27,13.5
26,13.5
26,13.8
26,15.2
26,15.8
28,14.2
25,14
27,14.9
26,15
25,15
25,15.5
24,14.5
26,15.5
25,15.6
25,14.5
26,14
25,13.5
26,14
25,15.4
26,14.5
22,15
25,14.5
23,15
25,14.6
25,14.2
24,14.2
25,15
27,14
25,14.5
24,15
25,14.4
26,15.4
27,14.8
26,15.6
26,15.5
26,15.8
26,14.5
26,16.5
25,15
26,13.3
25,13.5
25,13.7
25,15
25,15.2
25,14.2
27,14.5
28,13.7
24,13.5
24,14.6
25,13.5
25,13.5
24,15.2
26,14
27,13.5
25,14.4
25,14
26,13
26,14
26,14
25,15
27,13.6
26,13.5
25,14.5
26,13
25,14.8
26,13.5
27,13.2
28,14.2
27,14.5
26,13.5
27,14.2
27,15.4
27,13.8
28,14.6
27,13.2
28,12.5
27,13.5
28,13.3
28,14.2
28,14.2
28,10.7
28,12.4
28,13.2
26,13.6
27,14.5
28,15
28,13.5
28,14.3
29,16.6
28,13
27,14.6
28,15.4
28,14.8
28,14
28,16
28,13.4
28,14
29,14.8
28,15
29,15
27,14.6
28,14
28,15.2
27,15.5
28,14.6
28,11.4
28,11
28,12.2
28,14.6
27,15
29,15.1
30,15.5
29,14.3
28,14.5
29,12.4
27,10
27,10
28,10.5
28,10
28,6.5
29,10.5
28,10.4
28,12
28,11.8
28,12
27,13.5
28,17.4
28,15
27,14.5
28,15.2
27,12.6
27,12
28,12.6
26,14.4
26,10.7
27,12.5
27,12.4
28,13
28,12.8
27,12
28,11.5
28,10.2
28,14
28,10
28,9.2
29,9.5
29,10
30,11.8
28,10.6
29,10.6
28,11.6
27,11
27,11.6
28,14.5
27,12
27,12.5
27,12.3
28,11.4
27,12.2
25,10.6
26,9.5
26,7.5
25,7.4
25,7
24,6.5
25,5.6
25,6.5
24,6
25,5.2
26,6.5
26,6.6
26,6.6
25,6.6
27,6.5
27,5.2
27,6.5
28,8.2
29,9
28,10
27,9.5
28,8.6
28,8
29,7.5
28,5.5
29,6
28,6.6
27,7.6
27,8
26,8.7
26,9.5
26,10.5
26,11.4
28,10.5
28,9
28,9.8
28,10
28,9
28,10
29,9.5
28,10
30,11.5
32,10
32,9
32,8.6
30,10
33,9.5
28,10.6
30,10
29,9.5
30,9.4
30,10.3
29,11.3
30,11
30,13.5
31,12.6
28,11.7
30,10.3
32,10.3
32,12.8
30,12.6
30,15.5
30,14
33,14
31,16
29,18.5
28,17.5
29,15
30,16.2
29,17.4
29,16.8
30,17.2
31,17
30,18
32,15
32,14.5
32,11.8
32,12.8
33,14
33,13.5
34,12.6
32,14.5
31,14.5
31,17.8
30,18.5
31,19.5
30,16
31,16.7
30,18.4
30,17.4
31,16
30,18.7
31,14.4
31,12.4
31,11.8
31,11.5
33,13.6
33,14.2
32,16.8
32,14.2
30,14
31,15.4
31,17.2
31,15.9
34,18
33,17
34,13
33,12
33,15.5
33,16.5
33,14
33,15.6
32,15.5
32,17.6
30,16.2
29,12.8
32,11.7
32,11.5
31,10.7
31,11
32,20
31,20
32,16
30,15.5
30,12.4
30,11.6
31,15.4
31,13.5
32,13.6
30,16
30,14.5
32,17.2
32,19
30,17.8
30,13.8
32,13.6
32,19.2
32,16.3
32,20.2
32,14.5
32,14.8
32,14.6
33,19.5
33,16.5
33,15.5
32,16.9
33,16.6
31,21.6
33,19
33,20
32,17.9
33,18.4
34,17.5
33,17.6
32,15.8
31,15.8
33,14
33,14.3
34,16
32,20.5
31,16
33,15.5
32,17
32,18.1
28,16
31,16.4
32,15.5
30,19.1
27,15.4
30,16.6
28,15
30,15.5
29,16
29,15.8
27,14
29,13
28,15.6
26,13.6
28,14.6
27,15.7
30,17.6
30,16.5
28,16
26,17.2
26,15.1
27,15.5
29,16.5
26,15.8
26,14
25,15
25,13.5
27,14.8
26,15
24,15
26,14.5
23,15
25,13.8
25,12
26,14.5
25,14.5
27,14.5
26,15.4
26,14
23,13.6
25,13.6
25,13.6
25,13.9
25,14.5
24,14.7
27,15.4
26,15.8
24,15
24,15.4
25,14.4
25,14.9
25,15.2
25,15
26,14
25,15.8
26,15.2
22,15.5
24,16
23,16.4
23,15.8
24,14.9
23,15.6
24,15.3
24,15.6
26,14.4
26,14.9
26,15.5
22,15.3
22,15.5
20,15
25,14.9
25,14
26,15.5
26,15.7
26,16
25,14.6
24,14.3
26,14.3
26,14.2
25,14.5
25,14.9
26,15.5
25,14.5
25,15.4
25,13.3
25,16.2
25,14.7
27,15.5
24,13.7
26,15.2
26,14.8
26,15
26,14.6
26,14
26,15
25,12.8
25,13
26,13.5
25,14.5
26,13.5
26,13.4
26,13.5
27,14.5
25,14.5
26,15.2
26,16
24,14.5
25,14.2
26,13.5
28,13.3
28,13
27,15.5
27,13.5
24,14
27,14.7
26,14.4
27,13.2
26,15
27,13.8
24,14.7
27,13.7
27,15
27,13.4
27,14
28,14.5
27,14.2
27,15.6
27,14.8
28,15
28,13.4
28,12.4
28,15.6
26,15.5
28,15
27,15.6
27,15.3
28,15.5
29,15
26,13.5
29,15
28,15.2
28,15.2
29,14.4
29,13.2
28,10.8
28,10.2
28,10
28,11.4
29,12.5
28,11.5
27,12
28,12.2
27,10.1
28,9
27,10.5
28,12
29,12.3
28,11.9
29,11.5
29,13.6
27,14
24,16
27,14
27,12.6
28,12.4
28,12.3
27,12
27,11.1
28,12.5
27,12.6
29,12.6
28,12.6
29,11
29,10.3
28,9.5
28,10.6
28,10.6
28,10.8
28,9.6
28,10.1
28,10.1
27,11.5
29,14
28,10.8
28,11.4
27,11.5
28,10.6
26,9.7
27,10
27,12.6
27,13.5
27,12.5
27,11.3
30,11.4
29,9.8
28,8.2
28,8
27,6.9
27,7.7
26,8.3
27,7.5
25,8.5
25,11.1
25,11.7
27,10
28,9.4
28,9
28,5.8
27,6
27,5.8
27,5.8
29,5.2
28,7.1
29,7.6
28,7.8
28,8.6
29,8
29,7.7
28,9.5
28,10
29,10.5
30,9.5
27,10.5
28,11.9
28,12
26,11.8
25,10.2
26,11
27,9.2
27,9.4
26,9.8
27,9
26,9.2
28,8
27,8.4
26,8.5
26,8
27,8.7
27,9
27,9.4
29,10.8
27,10.6
27,12.9
26,10.5
27,9.4
27,8
27,7
27,7
26,8.6
26,6.4
26,8.6
29,10
29,10.9
30,11.9
31,11.4
30,11
30,9.1
30,10.4
30,11.3
29,10.5
31,11.8
29,11.4
30,10.5
30,11.2
29,12.5
27,12.3
29,13
28,12.3
28,16
30,13.4
28,16.6
28,10.7
29,10.4
29,10.2
30,11.4
31,10.5
31,10.1
31,9.4
31,10.5
29,11
31,12.6
28,11.5
30,11.8
29,12.8
30,12.6
30,13.5
29,12
30,13
29,13.8
29,10.7
28,10.4
30,12
32,17.5
31,14.4
32,16
32,16.2
31,18.5
31,17.1
31,16.5
31,15
30,15.6
30,11.5
30,11
31,11.2
30,14.1
31,14
30,14.6
30,16.6
29,16.3
27,15.7
29,15.4
22,16.2
29,15.5
30,14
29,12.2
28,10.5
28,9.4
29,11.5
28,15.1
28,15
28,13.4
29,13.7
30,11.8
31,14.5
31,19.8
31,19.2
30,19.2
29,16.1
30,16.3
31,17
33,14.5
32,17.6
31,17.5
27,18.5
29,15
28,15.7
30,15.5
30,14
31,16.6
32,13.8
33,13.1
32,14.5
32,14.3
32,17
33,14.5
33,14
32,15.3
32,14.2
31,17.2
33,15.6
33,15.2
33,14.5
33,13.4
32,16.1
31,17
29,16.1
31,15.5
30,15
31,16.2
32,14.6
30,17.1
32,13.9
29,14.2
30,14
28,15
28,13.4
30,16
30,16.5
30,16.2
30,14.2
31,14
29,15.9
29,16.3
28,16.3
26,14.2
27,14.4
27,15.6
28,16.5
29,15
29,16.5
26,15
28,16.3
28,17.5
26,16.8
26,14.8
25,16.8
26,16
25,15.5
27,13.2
23,15
25,15.2
26,14
26,13.7
26,13
26,14.5
26,14.9
27,13.7
25,14
26,16
26,14
25,14
26,13.5
25,15.4
27,15.5
27,15.6
26,14.2
24,11.6
26,13.5
25,15.8
24,15.5
24,15
24,14.1
26,13.8
26,14.5
26,14.6
26,14.9
25,15
27,14.9
25,15.1
25,14.1
25,14.2
26,14.5
26,13.3
26,14
26,14.2
26,13.1
26,14.6
24,15.2
23,15
24,15.5
26,15.2
25,15
26,14.5
25,13.8
24,14
23,15.5
26,15.6
26,14.2
26,15.4
26,16.2
26,15.2
24,15.5
26,14.5
26,14.5
26,15.6
26,13.5
26,15.2
26,14.5
27,14.2
27,14.5
26,14.6
25,14
24,13.5
24,13
25,14
27,14.5
27,15
26,14.6
25,14
26,13
26,12
26,12.6
26,13.5
27,13.7
27,13.4
26,14.9
27,14.2
26,15.2
27,15.5
26,13.2
27,14
25,15.2
26,13
26,14.5
26,13.8
25,14
25,12.7
26,12
28,12
28,13.4
26,14.8
25,14
26,13.2
26,15.4
28,16
27,14.5
26,15
26,13
27,14.6
27,15
27,13.7
27,14.2
27,15.6
27,16
28,15.5
27,16.3
26,16.4
26,15
28,14.5
26,15
27,14
27,13.8
27,11.6
27,12
28,12
27,9
28,9.6
28,9.2
29,9.8
28,9.8
27,11.2
29,11
28,12.5
28,12.5
28,14.2
28,11.6
29,12.6
26,13.5
28,12.4
26,14.5
25,15.5
26,13.1
28,12.5
28,14
28,14.3
28,12
28,12.5
28,13
29,13
29,12.5
29,11.6
29,12.4
29,13.4
28,14
28,14.2
28,12.4
28,12
27,12.4
26,11.4
28,12
28,13.2
26,15.5
26,13
28,14.2
27,12.2
26,10.5
27,10.2
27,9.5
27,10.6
27,11.5
27,11.5
27,12
26,12.6
29,11.8
27,10.5
27,11.5
27,11
28,11
28,10.2
27,11.2
28,11.1
28,11.5
27,11.4
27,10
26,9.8
28,11
28,11
28,10.2
27,12
28,11.4
28,10.5
27,11.5
28,10.2
26,7.5
25,7.5
27,7.5
26,9.4
27,7
27,7
28,5.5
28,7.1
27,5.5
27,6.4
25,5
26,4.6
24,5.5
25,6.1
25,6.4
25,7.5
25,7
25,8.5
24,9.4
25,7.5
24,8
25,7.6
25,8.6
26,6
26,6.2
26,9.5
29,14.5
28,10.5
28,9.6
27,14.4
27,11.5
26,9
28,8.7
27,6.7
27,6.5
27,4.1
29,4.2
28,6.1
28,8
28,10.5
29,8.5
29,12.2
30,10.5
29,9.5
29,8
29,8
29,9
30,11.9
29,10.9
30,10.6
29,15.4
30,11.5
30,12
31,16.8
31,13.4
31,12.2
31,13.1
31,15
32,13.5
32,14
31,15
31,11.4
30,10.6
30,9.9
29,9.5
29,10.6
30,10.1
31,9.2
30,6.5
29,8.6
29,6.9
29,11.5
30,9.2
31,11.7
31,15.3
31,20.6
30,16.3
26,14.5
28,15.2
28,15.6
27,16.8
26,15.5
27,15.5
28,15.1
27,16.2
28,17.8
28,16.4
30,12.1
31,12.8
30,16.2
30,14.8
30,14.6
30,13.7
30,14.5
32,12.8
32,18.5
32,18.5
32,14.5
32,12
32,13.8
31,16.3
31,19.5
32,14.5
31,16.6
32,17.7
32,14
32,15.1
32,14.5
33,21.2
32,22
31,20.2
31,20
31,21.8
30,17.8
30,13
30,18.5
31,15.5
30,19
31,15.7
27,14.5
29,16.4
22,16.1
27,14.9
28,10
27,11.8
28,11
29,10
29,11
30,16.5
28,14.2
28,15.4
29,16.8
28,11.1
28,13.4
29,10.9
30,12.2
31,12
30,15.4
29,14.4
28,9.9
28,10.5
30,13.4
31,17.3
30,16.3
29,18.2
29,17.4
29,16.4
28,16.2
27,15.5
28,14.7
27,14.1
28,16.6
29,15.9
30,16.2
30,12.5
29,16.2
31,15.2
31,16.8
31,15.9
30,17.3
30,16.5
30,17
32,15.4
30,16.5
28,17
28,14.4
26,17.4
28,15.1
29,15.6
29,14.6
27,14.2
27,13.8
27,14
28,14
27,15.1
28,16.2
27,15.2
27,13.4
27,14.2
24,15.5
25,14.5
25,16.6
24,17
25,16.4
25,16.1
23,15.5
24,14.6
24,14.6
26,15.8
23,13.6
25,14.8
24,15.5
23,14.7
19,14.3
25,12.5
24,15.3
22,15.6
22,14.9
24,14
23,14.4
23,13.1
25,14.8
25,14.3
22,14.1
21,14.5
24,13.7
24,16
21,15.5
24,15.2
21,14
24,14.2
25,14.4
22,15.9
25,14.6
25,14.9
23,14.5
23,14
24,15.5
24,15
25,16
25,14.4
24,13.6
24,16.2
25,16
25,15.4
24,14.1
24,15.6
25,15.6
25,16
26,15.9
24,16
25,15
24,15
25,13.6
23,14
25,14
25,15
24,15
24,15.5
24,16
23,14.6
26,15
26,13.5
23,15.7
22,14.9
24,14.5
25,14
26,14.5
22,13.3
26,14.2
25,14.2
25,14
26,13.9
25,13.6
26,14
26,14
25,13.9
25,13.8
26,13.7
26,14
26,14.1
25,13.5
25,14
26,14.1
26,13.7
25,13.8
26,13.7
26,14.2
26,13.8
27,13.7
27,13.7
27,14
26,13.8
26,13.9
26,14
26,14
26,14.4
26,14.1
26,13.9
28,13.4
26,14.1
26,13.6
27,14.4
26,15
27,14.9
27,14.4
26,13.4
26,14.5
28,13.9
27,14.5
27,14.5
27,13.6
26,15.1
28,13.4
26,13.8
26,14.2
27,11.5
27,14.5
29,14.2
28,14.6
28,14.8
26,15.4
26,13.3
27,13
26,15.8
27,14.2
27,14.5
27,14.5
26,13.9
26,14.6
26,12.1
26,13.5
27,14.4
26,14
27,12.4
27,13.6
26,13.6
26,10.5
28,10.2
27,13
27,8.6
27,10.1
26,12
28,12.4
26,10.3
26,10.4
27,10.2
27,12.5
29,14.3
28,14.8
28,11
26,13.5
26,11
27,10.1
26,9.5
27,6.8
27,7.5
27,8
26,7.6
26,6.2
26,7.6
26,7.2
27,5.1
26,4.8
25,4.5
26,6
27,6.6
27,7
29,9.8
27,9.3
27,9.5
28,5.6
27,8.4
27,7.5
28,7.5
27,7.4
26,8.4
26,6.5
28,5.5
28,6.5
29,5
28,6
28,5
26,5
26,5.2
26,5.9
27,6
27,8
26,4.5
28,7.1
26,6.7
26.7,5.6
26.3,5.5
27.6,8.1
27.2,6.5
26.9,6.1
26.3,6
26.2,5.9
26.5,6
26.7,6.6
28.4,8.4
28.3,8.6
30,9.4
27,10
27,8.3
26.9,10.6
27.6,6.2
28,8.5
27.9,8.3
27.7,8
27.6,9.4
26.7,9.8
29.8,17
27.4,15.1
28.5,11.7
29.5,10.8
28.6,8.1
29.4,9.1
27.4,9.6
28.4,9
25.9,7.1
28,9.1
27.6,10.4
31.1,11.7
28.1,14.8
29.9,11.4
29.7,13
29.9,13.1
29.5,12.7
30.2,16.2
30.4,14.7
29.6,10.2
29.6,13.2
29.7,11.8
29.5,10.8
29.8,12.5
29.8,12
30,11
29,13
27.7,10.7
27.2,9.6
28,9.9
28.6,9.8
29.6,8.5
27.7,8.3
26.3,7.1
28.4,6.5
28.9,9.1
29.1,6.5
28.4,6.6
27.6,7
27.5,9.6
28.6,11.3
29.5,10
29.7,12.2
30.2,9.8
29.4,9.1
30.3,10.9
30.8,12
31.1,13.6
29.2,14.4
28.5,14
28.4,15.4
29.4,15.2
29.5,13.4
31.2,13.5
30.3,11.7
29.7,16.5
29.3,16.8
29.4,13.1
28.5,11.7
28.2,8.4
28.5,9.4
27.9,8.1
28.6,9
29,13.1
29.2,17.5
28.6,14.4
28.3,13.4
29.9,10.6
30,11.9
27.6,10
28.4,13.5
27.6,8.3
28.1,10.5
28.1,9.5
27.7,7.7
29.5,12.7
29.4,12.3
29.5,13.7
31,18.2
30,17
31,14.6
29.5,15.1
30.4,17.6
31.3,16
30.8,13
29.4,12
31.4,15.8
30,17.9
31,18.7
29.7,17
30.3,17
30.4,19.6
29,17.5
28.9,14
30.6,13.9
30,13.4
30.2,12
30.7,11.2
31.1,12.7
32,14.5
31.7,17.4
27.5,14
24.5,14.5
28,16.5
29,17
29.6,19
29.5,11.9
28.5,16.4
29.6,18.6
29.4,15.6
30.8,15
28.5,16.2
27.8,15
29,17
27.7,16.5
28.2,16.2
28.2,16.8
28.5,15.4
28.9,14
29.5,14.6
28.2,13.2
27.6,13.5
23.9,17
22.5,15.2
27.6,16
27.1,15.4
28.2,14
27.8,13.4
27.7,16.2
27.4,16.5
26.4,15.4
26.4,15.8
26.2,15.8
26.5,16.5
28.7,14.6
26.8,14.6
26.9,14.4
25.5,14.6
28.6,16.6
28.8,14.5
26.8,15.4
26,16
26.2,14.4
27.2,14.6
27.9,14.1
27.4,15.1
27.4,16.6
24.4,15.6
27,14.4
25.7,15.1
25.5,13.1
24.5,15.2
26.7,15
27,14.2
27.5,16
26,13.6
26,15.5
25.4,13.5
25.8,14
24.1,15
26.6,15.5
24.9,15.5
24.4,15.1
25.5,15.4
24.5,16.3
24.3,15.4
23.5,15
22.1,16.3
24.4,15.2
22.8,15.5
23.2,15.3
23.5,14.6
24.5,15
26,14.5
25,16.4
24.2,14.6
24.2,13.8
25.4,13.4
25.7,15.2
24.5,15.5
25.5,15.5
24.2,14
24.9,14.8
24,14
22.7,13.4
23.6,15.4
24.9,13.6
22,14.6
22,15
24.5,15
22.5,15
24.5,14.8
25,14.2
23.5,13.8
23.7,14.9
22.2,15.6
25,14.5
23.8,15.5
20.6,12.4
22.5,14.7
23.4,15.6
21.8,15
23.8,15.3
23.5,15.4
22.5,15.1
24,14
23.3,15.2
24,15.5
21.8,15.6
24.6,14
25,15.2
25.2,15.2
22.2,14.7
24.5,15.2
25.5,15.4
25,14.5
23.4,15
24.5,15
24.5,14.2
25.5,15.2
24.7,14.5
22.6,14.8
24.6,14.8
23.8,14.4
20.6,13.5
25.4,13.9
24.6,13.4
24.5,14.6
20.7,15
24.6,13.3
24.3,11.6
25,13
24.6,15
23.4,15
24,15.4
24.7,14
25.6,14
25.8,13.8
24.2,13.2
24.7,13.2
23.8,13.6
26,13
26,13
25,14.6
25.6,15.1
25.2,14.6
25.7,15.6
25.3,16.4
25.2,13.1
24.8,14.3
24.2,13
24.5,14.1
25.4,13.2
24.7,14
25.6,12.7
25.6,12.9
26.2,15.1
26.9,15
26.5,14.9
26.8,15.2
26.5,14.9
26.2,16
25.7,13.8
27.6,13
27.7,14.6
27.3,13.8
27.5,12.5
26.8,14.5
28.2,14.3
27.5,15.3
27.4,16.3
27.8,16
26.8,15
25.8,14.5
26.1,14.4
26,13.8
26,14.8
27.3,13.3
25,13.4
22.8,13.4
26.2,14
26.2,14
25,15.5
27,13.1
28.5,13
27,13.3
26.5,13.3
27.4,12.5
27.2,11.1
26.4,11.3
27.5,11.5
26.8,12.8
26,14.9
25.7,14
25.6,13
26.7,12.5
25.8,12.6
26.1,12.5
27.5,10.6
25.5,11.8
25.5,9.1
26.5,9.5
24.5,14
26.2,11
24.6,8.5
25.6,13.5
26.1,14.4
26.4,10.7
25,9.8
25.5,7.8
24.8,8.1
26.5,9.1
25.5,9.3
25.5,9.9
26.5,10.6
26.6,14.7
27,11.7
26.5,11.4
27,11.8
25.5,12
26.6,13.2
25.4,10
28.2,11.4
21.5,10
27.3,9.9
27.2,7
27.2,8.4
25.5,6.6
24,5.5
24.8,6.5
25.3,8.6
25.8,8.6
27,6
24.6,7.5
25.2,6
24.5,6
25,5.8
26,5.5
26.1,7.1
25.7,6.1
25.1,4.9
25.5,6.8
24,6.1
24.5,9.6
25.5,7.9
26,8.5
26,11.3
26.2,11.8
25.8,9
27,11.8
26.4,5.8
26.6,5.8
25.8,5.5
25.5,6.4
25,6.3
25,5.8
24.8,5.5
25.5,8.8
26,12.4
25.2,7.5
26.8,6.4
26.8,9.1
26,10.9
26.5,9.5
25.6,8
26.6,8.1
26.6,8.6
25,7
24.9,7.5
24.8,3
26.1,2.5
24.5,3.6
24.5,3.6
27.2,4.6
25.7,4.4
24.6,5.4
25.5,5.5
25,3.6
25.5,3.5
25.1,4
25.7,4.5
26.5,6.5
27.4,5.7
28.2,8.4
28.7,5.7
28,5.9
29.7,8
26.8,8
29,9.5
26.3,8
28.5,11
27.2,11.7
27,13.2
29,11
29.3,13.6
30.2,13.7
29,9.5
29.4,8.3
30.1,11.7
29.6,9.5
30.7,10.6
29.8,10.6
30.4,10.3
29.5,7.2
31,9.3
29.3,7.2
28.5,10
30.4,8.6
30,8.8
30.2,10.5
30,9.6
30.5,8.5
30.8,13
31.3,13
30.3,11.6
30.5,14
30.6,12
30.8,10.7
30.6,10
28,13.6
27.3,8
27.4,7
28.2,9.8
29,8.5
30.4,6.7
30.6,6.6
31.2,10.5
30.8,11.2
30.1,13
28.7,13
30,13.5
31.5,14.2
31.5,14.5
32,15.5
31.9,13.1
31.5,16
30.2,11
30.5,15.9
30.1,11.6
30.4,12.4
30.6,15.5
30.6,15.5
29.6,16.6
29,13.1
27,13.2
27.2,12.5
26.7,8.1
27.6,6
27.8,7.5
30.9,4.6
31.2,6.8
30.2,11
30.1,12
30.2,15.5
30.6,14.8
30.3,15.4
30,10.6
29.5,12
30,12.8
28.5,15
28.5,10.8
31,13.9
29.6,11.7
28.7,11.8
29.4,15.1
30.5,11.5
30,15.5
30.4,13
30.6,10.7
28.5,14.4
29.9,10.7
29,13
27,13.4
29.4,10.5
31.2,15.5
30,13.4
30.2,15
29.5,14.8
29,15.6
29.7,15
30.2,12.7
30.1,13.8
29,9.5
31.2,14.1
31,15.4
30,13.5
30,9.8
30.4,11.8
28.1,13.2
28.5,13.5
28.5,10.5
27.6,13
29,12.4
28.4,12.6
29.3,13.6
29.2,11.5
28.1,11.9
26.6,11.7
27.7,10.8
28.8,10.5
26,10.5
26.7,11.6
28,10.5
28.5,10.5
27.8,13.2
26.7,11.1
24.6,10
23.6,10.5
26.7,11.5
24.8,11.5
25.5,9.4
25.2,11.5
25,10
26,12
24.8,11
25.5,13.8
24.4,10
25.6,11.5
25.2,10.5
24.2,10
24.8,11
20.7,12
23.2,11.7
24.7,11.6
24.8,13
24.2,12.3
24.4,12.4
23.6,11
21.7,11.6
19.8,11
24,10.5
24.2,11.2
24,11.6
24,9.6
22.5,10.5
23.7,12
24.6,10.6
23,11
22.5,11.4
23,10.8
24.8,10
23.4,11.3
20.7,10.2
24.2,9.8
25.8,8.5
23.5,9.5
23,8.5
23.2,10.8
25,10.6
23.6,10.5
24.6,10.5
25.2,11
24.4,11.2
22.6,9.5
25.2,10.8
24.4,11
23.4,10.5
24.6,11.2
23.5,9.4
23.8,10.6
25.5,8.6
22,11.2
24,10.8
24.6,9.5
23,9.6
24.9,10
25.2,9.9
24.6,11.2
24,12
25.6,11
23.6,12
25,10.1
23,9.5
24,10
25.4,9.5
25.2,9.5
25.5,9.8
23.8,8.1
23,10.2
23.9,10
24.2,9.5
25.8,9.5
25,9.5
21,9.8
25.1,13
22.8,8.1
25,9.1
23.2,10.2
25.4,10
23.5,9.5
25,10.4
25.8,9.1
23.6,10
25,9.4
24.8,10
25,8.1
24.1,9.1
24.5,7.5
24,9.8
23.3,8.6
24.5,11
24.5,10.4
24.3,10.4
24.7,10
25.7,10
25.3,9.1
24.5,10.2
25,8.4
25.5,9.4
24.5,10
26.4,9.1
26.1,8.8
24.9,11
25.8,8.5
25.5,9
26,9.1
26.5,10.4
25.2,10
24.5,13.01
26.9,14.8
25.8,13.1
26.8,14.7
25.7,15.6
26,13.5
26.3,14.9
27.6,14.6
26.6,14.2
26.6,13.6
26,11.5
26.8,15
27.4,16.2
26.7,13.8
25.4,12.9
25.5,15.4
25.6,15.5
26.2,14.8
26.2,15
26.8,14.5
26.5,13.1
25.7,13.8
27.3,14.4
26.5,13.9
27,11.5
27,12
26.2,8
26.6,13
25.5,14
26.8,12.7
27,10.9
26.4,13
26,14.8
25,14.6
27,14
26,13.2
27.3,12.5
26.8,9.1
27,14.5
26.5,12.2
26.5,9.4
27.2,9.1
26.4,10.5
26.2,11.4
26.2,11.3
26.5,11.6
26.6,9.5
25.3,9.4
25.2,7.8
26.4,5.4
26.3,8
26,10.5
26,8.5
26.8,14
26.4,9.8
27.5,9.4
27.2,9.6
25.8,8.5
27.6,8.6
29,9.6
27,9.4
27.6,6.1
28.7,6.3
28.3,6.1
27.8,7.2
27.8,6.2
26.6,7.4
26.6,4.4
28,5.4
27.5,6.4
27.8,6.8
28.7,7
26.5,6.5
27.3,6.8
27.5,7.7
26.9,7.5
27.5,4.9
27.5,5
26,6
25.6,4.8
25.5,5.5
27,6.8
26,6.8
25,6.5
25.5,5.2
26.7,6.5
26.5,4.5
28,8.5
27.5,4.8
26.5,5
26.8,6
27,5
28.5,5.5
28,7.4
27.5,7.6
27.8,7
27.7,5
27.6,5.4
26.5,5.5
27.3,6.5
27.1,7.5
29,9.5
26.8,8.5
28.5,8.6
28.5,10.2
26.2,12.8
29.5,10.2
28.5,14
27.1,11.2
27,10
27,12
28.3,10.5
27,10.3
28.5,12.5
30.5,11.4
30,10.4
26.5,10.8
26.4,9.4
27.2,9
29.5,7.8
27.6,8.1
26.6,8
27,6.8
28.5,7.4
29.4,9.4
28.5,8.6
27.5,8.5
27.4,9
27.2,7.6
28,6.4
28.5,7.2
28.8,7
28.5,9
28.2,5.5
28.1,6.8
27.6,6.5
28,8
29.6,7.9
28.5,9.1
28.5,8
31.02,10.9
30.5,13
30,9.5
30.2,8.3
30,8.1
28.9,11.4
28.8,7.6
28,8
28.5,11
28.3,9.1
29.5,9.8
29.5,7.6
29.5,5.5
30,6.5
29.2,8
30.5,9.5
30.9,7.6
30.2,8.5
29,9.5
30.2,9.5
30.5,8.8
30.6,7.9
30.5,8.1
29.8,7.4
30.5,8
30,13.2
30.4,8.5
30,8.6
31,10.8
31.6,11.1
31.3,8.4
31,12.2
32,13.5
31.5,12.6
30.2,12
31,7.3
31,7.9
30.6,7
28.8,8.1
30.5,9.5
30.6,8.1
30.6,10.5
30.5,17.1
31,12.6
31,19.2
29.5,18.5
32.5,18.2
30.5,17.8
30.5,16.5
28.5,14
22.8,15
25,15.2
27,15.6
26.1,13.6
27,15.5
26.8,14
26.8,15.5
28.6,12.3
29,15.2
29,15.2
29,13
29.5,13
28.8,15
27.6,13.5
29.5,16
29.5,11.4
29,13.1
29.6,15.6
28,14.2
29,15.2
29,15.4
27.5,15.4
27.6,15
28.6,15.1
26.6,15.2
25.8,14.8
26.4,15.5
25.7,14.9
27.6,16.5
28,17
28.6,18.1
29.4,16.5
28.5,14.8
28,15.2
29,15.5
28.2,14.1
29,15.6
28.5,14.8
28.5,13.9
26.3,14.6
26.5,12
25,14
27.7,14.8
28.5,14.9
27.9,14.1
26.5,15.2
27.5,13.1
29,15.9
28.5,13.8
28.8,14.6
27.5,14.6
26,14.4
28.5,15.8
27.5,13.52
27.5,14.8
27,15.5
26.5,14.8
25.7,14.8
27.6,12.5
25.6,13
26.2,13.4
27.1,14.6
27.6,15.2
26.8,13.5
22.5,14.2
27.3,15.5
26.6,16
26.6,15.5
24.4,15.4
23,15
24.6,13.2
25.4,15.4
25.6,14.5
26.6,14.4
25.7,14.8
26.5,16.6
27.5,13.7
27.7,16
26,14.2
27,12.6
26.4,16
25.5,13
26.3,14
26.9,13.9
25.6,15.1
23.6,15.5
24.2,13.8
24.5,13.5
25.3,13.5
26.5,14.5
25,13.6
24.5,13.4
24.5,13.4
20,13.5
18.6,13.5
22.6,13.8
24.5,13.5
25.2,11.9
23.6,11.5
23.5,13.5
24.5,12.5
24.8,12.4
24,12.5
23.3,12.5
24.6,13.5
25,13.4
25,12.5
25.4,13.5
22.4,13
25.3,13
25.1,14.5
23.7,12
23,13.4
24.2,13
25,12.8
25.5,12.6
25.4,12.1
24.3,13.8
22.5,14
25.1,13.8
26.5,13.1
24.5,14.6
24.2,12.5
28.2,13.4
25,13.6
25,12.6
23.8,11.5
25,13.9
24,13.5
24.2,12.6
23.5,13
25.5,15
25,13.4
23.4,14
24.5,14
24.9,12.9
25.5,11.6
25.8,13.5
26,13.5
23.2,13.2
24.5,13.5
25.5,11.6
23.5,11.9
25.4,13.5
24.5,14
24.4,13
24.5,13
22.6,13
24.2,13.5
22.6,13.8
24,11
23.7,12.6
24.5,12.6
25.2,12.5
24.5,12
24.5,13.6
25,13
24.5,12.5
25.8,11.5
26.8,11.5
26.4,12.2
26.5,12.7
25,12.2
26,12.5
27.5,12
25.7,12
25.2,12.9
27.2,11.5
26,12
26.9,13.5
25,11.6
26.2,12.4
27,13.5
27.7,12.8
26.7,13.2
25.5,13
25.5,13.5
26.8,12.4
24,12.7
26.7,13.1
25,9.5
26.2,9.5
26.2,11.8
27.4,12
25.6,13
26.3,10.8
27.6,12.2
26.5,14
25.6,12
25.5,12.5
26,14
26.2,13.6
26.5,13
26.5,10
25.7,11
24.4,11.5
25,12
25,12.2
25,13.5
24.5,14.2
26.6,12.8
26.9,13
27,14.4
25,13
25.5,12.9
26.1,14.2
25.8,11.2
24.6,13
25,12.5
24.6,12
24.5,12.9
24.5,8.6
27,7.5
27.1,10.5
26.5,11.7
25.5,10.2
25.6,8
26.1,9.4
26,8.6
25.4,7.5
26.5,6.5
26,8
26.5,8.5
27.2,8.6
26.5,9.5
27,4.5
26.5,5.5
25.5,5.5
25.2,5.4
25.6,6.5
28,7.4
26.5,5
26,8
26,9
27,9
28,10
28,8.6
25.5,9
24.7,9
25.5,9.1
28.5,8
26.6,8.5
25.2,9.5
25.6,7.5
26,8.9
26,12.3
26,8.6
26,8.1
27,6
25.5,5
26,5.5
26.6,6
26,5.4
27.4,4.5
26.2,6.3
25.7,5.5
25.6,5.6
26.4,8
26.5,7.6
27,8.4
27,6.4
26,8.9
26.6,8
25.5,7
26.5,7.1
27.6,8
27,10.5
27.6,7
27,7
28,8.8
26.4,9
26,8.4
26.4,7
27,5
27.1,6
28.5,7
28,8
27.5,6.2
26.8,7
26.7,6.5
26.7,6.5
27,7.6
28,10.2
27.4,8.1
27.5,6.8
25.2,5.5
26.2,5.5
26.5,7
26.2,7.4
26,5.4
26,15
26.8,16.5
25.5,11.4
27.5,11
27.2,9.5
26,9.4
26.6,5.6
26.5,6.6
27.5,6.6
28.8,7
29.7,10.5
30,8.8
28.3,10
25.5,8.1
26.5,8.1
27,8.5
29,12.6
29,10
29,11.5
28,13
28,14.9
28.6,12.5
28.2,13.5
28.9,14
29.5,11.1
29,9.5
29,10
28.8,11
29.5,11.2
29.6,11
30,13.2
30.5,12
30.5,12.7
30.5,13.2
30,19
30.8,15.8
28.5,13.8
28.4,14
29.6,14.2
28.5,8.9
29.3,10.6
29.3,11.5
29.4,13.5
30.5,14.5
29.9,16.6
30.6,11.2
30,13.8
30.5,11
30,9.6
31,12.2
29.5,10.5
29.8,14.7
30,15.3
29.5,14.4
29.5,12.9
30.5,14.4
32,9.5
32,11.6
31.5,12.6
31.4,14.8
32.8,17.3
31.5,13.5
30,13.1
30,14.8
28.5,14.5
30,10.5
29,8.6
29,8.4
28,6.5
27.5,6
29.5,7
29.5,6.5
31,11.4
31.1,11.4
29.5,16.3
28.5,14.3
29,14.5
30.5,14.5
31,12.8
30.2,12.8
31.5,11.9
31.5,12.1
31.6,14.1
29.5,14.1
30.5,16
31.6,16
32,17.2
31.5,14
31.5,13
32,13.8
32,15.4
31.5,14
31.5,15.5
32,16.4
30.6,17.4
30.5,16
29.5,16.4
30.5,10.6
32,16
32,17
31.2,16
31.5,15.4
32,15.5
32,17
30.5,17.5
29.8,13.5
29,12.9
29.2,12.8
28,15.6
28.5,20
28.5,18
30.5,15
30,14
30.8,15.5
31,17.5
31.5,18
30.5,15
32.6,16.2
30.2,17.4
30,16.5
30,15.2
28,17.4
29.5,19
29.5,18
30.5,17.5
32.5,15
33.5,15
32.5,15.9
32.5,17.9
20.6,16
29.5,17
29.5,15.5
28,14.6
29.2,14
28.6,14.5
29.4,18
29.9,12.5
27.4,16.5
30,15.5
29,16
28.5,14.5
29,14
29,14.2
30.9,14.5
27.5,16
29.4,14
27.5,14.3
29.2,14
29.2,14.4
30,15.8
29.5,15.1
28,15.9
28,10.5
27.5,12.5
28.5,14.5
27.8,13
28,14.5
26.1,13.6
25.5,13.5
27,14.2
27,14.5
25,14
25,14
25.5,13.5
25.5,13.5
25,13.5
25.5,15.6
24.5,14.5
25.5,14
26.2,14.5
23.6,14
24,15
26,13.6
25,13.5
23,13.5
21.5,13
23,14
24.1,14.5
23.6,14.8
24,14.2
21.8,11.6
24.5,13.6
24.5,13.9
25.9,14
23.6,14.8
26.2,14
26.5,15.2
26.5,15
25.6,15.5
25.6,15
24.6,15
25.5,14.5
23.8,14.5
26.1,15
24.8,14.1
26.5,14.5
25.5,15.2
24.6,13.8
26.2,12.5
24.5,13.8
24.7,14.2
25.6,13.5
23.7,14.5
24.5,12.5
24.8,12.5
25.7,14.5
25.5,14
25,14.4
25.5,14
28,14.2
27.6,12.6
28,13.5
28.5,14
25.5,14
26.5,12.5
26.5,13.5
28,15
28.8,13.2
29,13.5
28,14.5
24.5,13.5
24.8,11.6
24.7,11.2
25,11.5
26,12.6
25.5,12.2
25.4,12.5
24,12
25.4,12.5
26.6,13.2
25.6,13.5
26.5,11
25.5,12.2
27.1,12.2
27.6,12.6
26.5,12.5
26.3,12
26.4,12.6
27.4,11.6
27.4,11.6
26.5,11.6
27,11.8
26.7,13.5
27,12.8
27.3,13.6
27,15
26.5,11
26.5,14
25.5,13.7
26.8,13.4
26,11.6
26.6,13.5
26.8,13.6
27.5,14.5
26.2,14.2
27,13
27,12.5
25.1,14
23.4,13
23.2,13.5
24,12
26,13.2
25.1,13.5
25.6,12.2
26.5,11.5
26.5,8.5
27,11
26,12.5
26,13
25,12.4
27.5,12
27.5,10.5
26,11.5
29,11.5
25.5,12
26,12.5
27.5,13.4
26.5,12.2
27.4,11.5
27.5,11.9
27,11.8
27.5,10.5
27.5,10
26.6,9.6
29.5,10
27.5,9.4
27.5,6.6
27.5,7.5
27.6,6.6
28.5,5.5
27.9,6
27,7.1
26.7,7
27,5.7
27.8,6.6
26,6.5
26.9,7
25.5,6.4
26.2,9.1
27.5,11.5
28.5,13.4
28.5,14
27,9
27.1,12.5
26.9,9.8
28.1,10.8
28,8.5
28.5,6.5
27.2,7
27,7.8
24.3,10.5
26,14
26.5,13.4
28.5,12.5
29,8.9
27,8
26.5,8.1
27,6.2
27.5,7
29,6.3
25.9,10
25.5,6.5
25.1,6
26,11.4
26.5,7
26.3,11
28.2,11
26.4,3.6
26.8,4.5
29,4.2
28,3
26.6,4.8
25.5,4.6
24.5,9
26.3,9
26,6.2
25,4.5
24.4,6
24.3,5
25,4.2
25.5,5.9
25.2,5.5
25.5,4.1
27,4.4
26,5.2
25.5,4
25.5,4.5
26,5.5
24.8,3.6
25.5,3.5
25.5,4.5
25.6,5.7
25.8,6.5
27,7.6
26,7.1
27.4,6.2
27.1,6
28,6.5
28.6,7.5
27.9,9
27.4,8.6
26,12.9
27.5,10.8
28.6,15.3
29,15.2
28,15
25.9,16.5
30,11.4
27.8,11
27.5,9.5
27.8,9.4
29,11
29.5,11
30,12
30,10.2
30.5,10
27.5,10.8
28,11.5
26.5,6
25.5,7
27.2,8
27.5,10.2
29,7.5
29.5,7.4
29.5,12.1
29.5,9.5
29.5,9.5
28.7,9
29.5,7.6
28,10.4
27.5,10.5
28,14.4
29,9.5
30.5,7
30.7,9.6
29,11.5
28.5,14
28.8,11.5
27.5,10
27,10.5
27,10.5
26.6,11.2
25.5,8
27.5,8.8
27.4,8.5
28.6,10.9
29.5,9
30,8.5
31.9,10.5
30.5,19
31.3,20
31.6,16.5
32,16.4
32,16.2
31.5,16
31.6,10
31,10.7
31.5,9.5
31.1,11.4
30.5,12.5
28,12.7
29.2,13
29.9,14.4
27.8,14.9
29.2,14.8
28.5,15.7
28.5,10.5
29.5,8.1
29.5,8
29.2,10.2
29.2,13
31.5,15.8
32,15.8
31.5,19
30.5,16.5
30,15.5
31,15.5
30.8,19
30,18.5
32,19.5
31.5,18.5
31.5,18.5
30,19
31,18.5
31,18
30,17.5
31,13
30.8,17.5
31,14
31,17
32.2,17
30.8,17.2
31.5,18.2
31.5,18
31,15.5
30.5,15.5
29.6,12.5
30.5,9.9
31.5,11.1
32,18
31.6,18.8
29.5,17.4
26.6,10.6
28.5,16
27.9,17
27.5,16
26.5,15.4
25.6,15.5
27.8,17
29,17.5
29.5,13.5
29,12.9
29.2,12.8
29.8,15.6
27.6,20
29,18
29.6,15
29,14
29,15.5
31,17.5
31.5,18
30.5,15
30.5,16.2
29.5,17.4
29.5,16.5
27.5,15.2
30,17.4
30.8,19
29.5,18
28.5,17.5
27,15
29.5,15
28.5,15.9
30,15.5
29.2,15.4
29.5,16
28.5,12.4
28,12.5
28,14.5
29,13.5
29,14.5
28,14.5
27.5,15
28.5,16.8
27.5,13.2
27.5,13
27.5,15
28.5,15.8
28,14
27,14
27,15.4
27.5,13.6
25.8,15
27,14.5
27.5,13.1
28.5,13.6
25.8,15.5
26.5,13.8
26.6,14.5
26.6,14.5
26.2,14.9
24.5,13.4
25,15
25.5,15
27,14.2
27,14.5
25,15.2
25,14
25.5,13
25.5,14.6
25,15
25.5,15.2
24.5,13.5
24,14.5
24.5,15.6
24.2,16
24,15.3
22,14.1
24,15
22.5,15.5
23,15.5
22.5,12.5
22.5,16
21.5,14.5
24,14.8
23,14.5
19.5,15
24,15
24.5,14.5
23.2,15.5
22.7,14.2
23.5,14.5
24,14
24.5,16
25,14.5
24.5,14
24.5,15.5
23.2,16
23,14.5
25.5,14.6
25,13.5
25.2,15.2
25,13.6
23.5,14.6
21.5,15.5
23,15.2
23.5,15.5
23.5,15.2
25.5,16.4
21,14
25.7,14.5
25.5,14
25,14.4
25.5,14
23.4,14
23.5,13.5
21,14.8
23.5,14.5
21.5,14
23,14
21.5,14.6
24,14.6
25,14.6
25,15
25,15.5
23.5,15
24,13.8
23.5,14.2
24,14
25,14.5
25.5,13.8
24.5,13.5
25,14.2
24,13.8
25.5,14.8
24.5,14.1
24,14.5
24,14.5
25.5,13.5
25,13.5
24.5,14
24,12.5
24,13.6
24.5,14.5
26,14.5
27.5,14.5
24.5,15.3
25.5,13.2
26,15.6
25.5,14
24.8,14
25.6,12.5
26.5,14.2
27.2,13.5
25.5,12.6
24.5,14.5
25,13.5
25.5,13.6
26.5,14.5
27.5,14.2
27,13
26.5,12.5
25.5,14
26.8,13
26.7,13.4
26.7,13.6
26.8,13.5
28.4,13.6
28.5,12.2
28,13.5
28.2,12.4
26.5,11.5
26,15
27.5,13.8
27.5,12
26.9,13.5
25.2,14
26.3,14.5
26.5,14
26.3,13.5
26.4,12.5
27.2,11
27.4,12.5
26.5,13.7
26.2,14
27,14
27,11
27.5,10
27.6,10.2
27.6,9
26.6,7.4
26.1,6.5
26.2,6.5
26,8.5
26,10
25.6,9.9
28,9
27,11.5
25.6,12.4
26.6,13.5
26.8,12.5
27,11.5
25.4,12.5
26.4,11
26.5,10
26.5,8
25.5,10.5
26,9
26,9
26.4,11
26.6,10
27.2,13.2
27,8.5
28.4,7
26,7.5
25.6,7
27.6,7
27.2,9.4
28,7.4
27.2,7.8
25.6,5
25.4,4
25,4.8
25.6,7
25,6
24.4,6.5
25,6.5
25.4,6
25.4,11.4
26.8,7
28.2,11
26.5,11
27,3.6
26,4.5
26,4.2
26.5,3
25.2,4.8
26,4.6
26,4
26,4.4
25.5,5
25.5,4.5
25.5,6
25.5,5
24.4,4.2
24.8,3.5
25.6,3.4
26,5
25.5,8
26,10.8
27.6,6
26,6
26.5,5
26.5,5.8
25.5,5
25,6.3
25.8,9.6
25.5,8
25,6
25,4.5
26,4
26.5,6.5
26,5.5
25,7.5
25.5,4
24,2.8
23.8,4
25,4.5
27,9
27.5,7.5
27.5,7.5
29.2,7.2
26.5,10
28.3,6
29.5,8
27.5,7.5
27.5,6
27.5,5.3
27,6.5
26.5,5
26.6,6.5
29.6,6.4
27.2,9
29,4.5
29.3,6.2
29,6
29,4.6
29,5.8
29.2,5
28,5.2
27.5,4
26.2,4.6
27,2.5
29.2,4.1
31.2,6.2
30.4,6
30.6,6
31.2,8
30.6,8.5
30.2,8
31,8.5
30.2,12
30.4,8.8
32,9
32,6
32,7.4
31.6,7.6
33.2,10.6
32.6,9.5
32,11
30.1,11
29.5,7.5
28,6.4
28.8,6
31,6.8
30.6,13.6
28.6,12.8
24,11.8
27.5,11
29.5,13
20,11
27,12.8
28.8,13.2
26,13.2
25.3,13.6
28,10
29,9.5
30,11
30.5,11.4
31.7,7
30.2,13.4
30.5,11.5
31,13
28.6,14.5
29.6,16.5
31.2,17
31,15.2
31.5,15.8
31.6,15
31.8,16
31.5,16.1
31.5,21.7
31.5,19.5
29.5,12
30.5,15.5
31.4,14
32.5,14.7
31,15.2
32.4,18
32,17.2
31.5,15.7
32.4,16
30.6,17.5
32.2,16
32.5,14.5
32,21
29.5,14
29,16.6
26.6,14.5
28.4,16.5
30,16
30.5,15.6
30,10.6
30,11.2
31,11.6
29.5,12.5
30,19.5
30,17.4
30,15
30.5,9.5
30,11.5
30.5,11.2
31.5,13
30.5,17
31.4,16
30.5,15.2
28.5,17.5
29.5,16.5
29.5,16
31,14.5
30.5,17
31.5,15.6
27.5,15
27.5,15.5
27.7,16.5
26.8,15.5
29.5,14
29.5,14.5
27.5,17
26,13.8
27.5,15.2
25.5,14
25.5,14.5
26.1,15.4
26.6,13.4
25.5,15
26.3,15.6
28.4,16
28,14.5
28.2,16.6
28.6,16
27.4,16
28.6,16
29,15
28,15.5
28.5,14.2
28.5,17
29.2,16
27,14
25.2,14
25.5,15
25.6,14
26,14.5
27.5,14
27,14
27.5,14.5
26.5,15
29.8,13.6
26.5,13.2
25.5,13
26,14.2
25.7,13
25.5,10
26.2,13.5
26,16.5
26.5,14.5
24,13.5
24,13.5
28,14.5
26.2,14.5
25.5,13.3
26.5,13.5
26,12.5
24.5,14.7
23.5,13.2
26.5,14.5
26.5,13
25,12.7
25.5,14.5
25.5,14.5
24,12.5
18,13
24.5,12.5
26,11.6
25,11.5
25,13.5
25.6,13.5
24.6,14.5
24.2,14
25,15
22.5,14.5
23.5,12.9
25.5,13.8
24.3,13.5
25.2,12.5
26.2,12
26,17
20.5,13
22.5,14
24.5,13
23.5,13
23.9,14.8
23,14
23.7,12.5
25,13
23,13.6
23.5,13.5
23.5,12.5
24,13.5
24,13.5
24.5,12.5
24,12.5
23.5,13.2
25,13.8
25.7,11.6
24,13.9
24.5,12.6
25.4,13.2
24.8,13.5
24.5,14
27,12.5
28.5,14.2
25,13.3
25,13.5
23.5,11.6
25.5,14.2
24,14.5
23,13.5
24,13.2
23,11.6
25.5,12.5
24.5,12
23.5,13
24,14.5
24,14.5
25,13.5
24.5,14.4
22.5,13
24.2,13.5
24.8,11.7
25,14
26,12.5
25,11.5
25,13.4
24.8,13
24.5,12
25,12.5
24,12
25,14
25.3,13.5
26.5,12
26,12.5
26.5,13.2
25,14
25,13.5
25,13
25.5,12.5
26,11.6
27,11.5
27,11.5
26.5,11.4
26.5,13
27.1,11.5
26,14.4
26.7,14
27,12
27,12
26,13
26,12.2
26,11.6
26.7,12.5
26.8,10.7
27,10
27.5,12
26.5,12
26.2,12.5
27,11
26,13.5
27,13.2
28,12.5
26.1,11.2
26,11.8
28,12
26.2,12.5
26.5,12.4
26.2,11
27.1,11.5
25.5,10.5
26.5,11.6
25.4,12.5
26,13.6
24.8,14
27.4,13.5
26.8,14
26,13
25,13.5
25,14.2
26,11.5
26.7,11
27,12.5
27,12.5
27.5,13
27,11
27.2,9.5
26,11
27.6,10.2
27,10.5
27.5,10
26.2,7.5
26,12
25.7,10.5
25,8.5
25.6,12
26.5,8.5
25.5,9
24.8,10
25,11.5
26,5
25.5,6
24,4.5
24,4
24,5
25.2,6
26,2.7
25.2,4.5
26.5,4.6
26.5,5.7
22.3,7
25.7,8
27,6.5
25.5,7
26.2,8
26,8
26.2,10
26.2,7.5
26,12.5
25.6,7
25,9
25.5,5.5
26.2,8.5
25.2,6.5
25,6
25.5,6.5
26.2,5
26.5,4.2
26.4,6
27,5.5
26.5,4.5
26.5,3.5
28,1.5
27.5,1.5
26.5,4
28.2,6
28,6.7
27.5,8.5
27.2,6.5
27,7
27,6
27.7,5.1
27,7.5
27.3,7
28.5,8.5
28,10
26.5,9.5
28.5,10.2
26.5,11
27.5,10.5
26.5,10.2
26,8.5
26,9
26.5,9.5
27,9
26.5,6
27.2,6.5
27.5,4.7
26.5,6.5
28,4.5
28,6.7
28.5,11
27.7,9.2
29,9
29,9
28.7,9.6
28,9.5
28,7.5
28.5,10.5
29,9
29.5,9
30.7,8.5
29.5,10.2
29.2,11.5
30.2,7
29.5,9
29.5,9.5
30,8
31.2,9
30.5,8
31,8.5
29.6,6.5
30,7
29.5,7
31,8.2
29.5,10
30,9.5
30,10.5
29.5,8
29.7,11
29.5,8
28.4,9
29.5,7
30.2,10.5
29.6,12
30,9
30,10.2
30.2,8.5
29.5,8
29.5,15
29.5,13
31,13
30,10.5
31.5,11
31,11
31.2,9.7
31,9.7
31.7,9.5
31.5,10.5
32.4,9
32.2,9
31.5,11.5
31,12
31,12.8
31.5,12.2
31.4,12.5
30,14
30.5,14
30,17.5
29.2,17.5
30.5,18.2
30.4,20
30.2,17
30,13.2
30,14
29.5,12.5
30,15
29,13.5
30.5,9
31,10.5
30,15
28.6,13
28.2,9
28.5,8.5
29.5,7.7
30.2,7.7
30.5,7.2
30.5,7.2
30,13.7
28.5,10
30.5,12
31,10.5
32,11.5
31.5,14
32,12
31.5,12.5
31.5,18
29.4,17
28.7,15
30,11.5
29.2,12
29.5,12
31.5,12.8
30.5,12
31.2,13.2
31,13.73
32,13
32.7,13.7
31.5,16
30.5,18.5
31.7,16
31.5,17.2
30,16
29.5,15.5
25.5,14.5
30.5,15
29,16
30,16.4
29.5,16
30,16
30.5,15.5
31.5,16
30,17.5
31,15.5
32.4,14.5
32.2,13.5
31.5,18
33,16.7
32,15.5
30,13
31,14.5
30,14.5
29,15.5
30.5,14.6
30,14.5
30,15.5
31,14.6
31.2,16.5
30,17
29.5,17
30,15
30.5,16.6
28,16.7
29.5,17
29.5,13.6
29,13.5
30,16.5
29.5,12.5
29.5,14
29,15.5
30.5,16
30.5,16.5
30,16.5
28,15.5
29,15
27,15
26.8,16
25.5,15
26,16
26.2,13.5
24.5,14.8
26.2,14
25,15
26,14.5
26,15
26,16
24,15
24.5,15.5
24.5,15.5
24.5,14
24,15
24,13.5
24.5,14
24.5,15.5
25,14
26,15
26,14
26.2,15
26.5,14.5
24,14.2
24.5,14.5
24.7,13
24.6,14
24.5,12.5
23.5,15
24.5,12.7
24,14
23.2,14.5
24.5,13.5
25,15.5
24.5,14.5
24.5,13.5
24,15.5
24.7,14
22.8,15.5
25.2,15
23.2,15
25,15.5
24.5,14.5
25,14.5
22,15.5
25,14.7
24,15
25.5,14
24,14
23,13.2
23.8,14.5
23.5,15
24.5,14.5
23.5,13.7
24.5,13.5
25,13.2
24.6,14
24,14
24.5,13.5
25,13
24.2,13
24,14.5
24.4,13
23,12.2
25,13.5
26,14
25.5,13.5
23.5,12.4
24.5,14
25.5,13
24.5,14
25,13.8
23,14.5
23,13.5
25,12
24,12
25.2,14
25,14.5
24,14
24,12.6
24.5,14
25,14.2
24,14.5
24.5,14
25,14.5
25.6,14.5
26,14
25,14.5
25.5,13
25.5,14
24.5,12.2
25.5,12.5
25.2,13.5
25.5,12.7
26,13.8
27,15
25.5,14.5
27.5,12.5
26.5,12.5
26.1,12.7
26,12.5
25.7,14
23.5,14.7
25.5,12
26,12.5
25,13
27,14
26.7,14
27,14
26,14.5
27,14.5
27,15.3
26.5,15
27.1,13
27,14.2
27,13
26,14
26.5,13.5
26.1,8.7
26,8
28,9.2
28,12
28,11.5
27.5,12.5
26.5,11.3
26.7,13.5
28,14.7
26.5,13.5
26.6,12
26.4,10
27,10.5
27,16.5
25,13.5
25.5,12.5
24.5,14.5
26.3,14
22,15
25,10.5
25,15
25,13.5
25.5,13.5
24,14.5
25.5,11.5
27.5,13.5
26.7,11.5
27,12
27.7,14.5
27,13
27.5,10.7
28,15
27.5,11
27.7,12
27.5,11.7
28,11
27.8,11
28,10.2
27.5,9
28,8.7
27.7,10
28.5,10.5
27,12.5
26,12.7
27,11
27.5,12.2
28,12.5
27,11
26,8.7
26.5,8
25.5,9.5
26,10.5
27,10
27.5,8
27.2,9.5
28,7.7
28.5,7.7
29,8
27,7
27.5,6.7
26.5,7
27.5,8
26,8.7
27,12
28.5,12.7
29,11.2
28.5,11.7
28,11.2
28.2,12.5
27,12.2
28,10
28.5,7.5
27,6.5
26,6.5
25.5,6.5
25.7,7
25.5,6.7
26,6.7
26.5,5.7
27,5.6
27.7,6.2
28,6.2
28,7.5
26.5,6.7
27,7.7
26,13.2
27,8
26.5,7
27,8
27.7,12
27.5,10.5
27.8,6.5
28.5,9.5
28,7.7
28.6,7.5
28,8.2
28.6,7.5
29,7
28.5,7.6
29,7.4
29.6,6
28.8,6.8
29,7.4
29,7
28,8
28.5,8.5
29,12.5
28.5,10.2
28.7,8.6
29,9.6
30,8.5
29,10
29.5,8.6
29.6,7.5
30,9.5
29.8,8.2
30,6.6
29,8.5
29.5,6.8
30,9.6
29,8.6
31,10
30,10.5
30.5,9.5
31.2,10.5
31,10
30,8
30.5,9.5
31,9.6
30,8.2
31.5,9.5
30.7,12
31,8.6
30.5,11
31,13.8
31.5,9.2
30,9
30.5,9
32,9
31,9
32,15.5
32.5,12.8
32.63,14
31.5,15
32,6.8
30.5,13.6
30,12.8
30.5,17.5
30,18.5
31,18.4
30.5,19
31.5,18
31.5,15
30.6,16.6
30.5,15.6
29.6,12.3
31.2,11
32,13.4
32.5,13.4
31.5,10
31.5,11
31,11
32.5,9.2
31.6,10.2
31,9.2
30.6,8.5
29.8,7
29.5,6.2
30,9.2
29.8,10.2
30.2,10.6
31,13.5
32,13.5
32,14.2
32.5,9.2
33,10
32.7,8.4
32.5,10.5
31.6,9
32.5,10
31.7,10.5
31.5,13.2
31.7,18.2
32,15.7
31,21
30.6,17.5
32.5,19.5
32,17.5
31.7,16.7
32,15
33,12.7
33,15.5
32.5,13.5
31,12.8
33,12
32,13.2
33,13.73
30,13
30.5,13.7
29.4,16
29.8,18.5
30,19.5
30.6,12
30.5,13.5
30,13
30.5,17.6
31,19
31.2,20.5
31.5,17.5
30.5,15
30,17.2
30.6,16
31.2,16.2
31.5,17
31.6,16.7
32,18.5
30,15.2
30.5,15.5
30.6,16.5
31,13.8
31,16.5
30,17
30.5,15.5
29.5,16.2
30,17.7
30.2,16.7
30.5,16.5
31,17.2
31.2,16.5
30,17
29.5,17
30,15
30.5,16.6
28,16.7
29.5,17
29.5,13.6
29,13.5
30,16.5
29.5,12.5
29.5,14
29,15.5
30.5,16
30.5,16.5
30,16.5
28,15.5
29,15
27,15
26.8,16
25.5,15
26,16
30.6,7.5
29.5,9
24.5,10
25.5,13.5
24.5,16.5
21.5,14.5
26.5,13.5
31,6
25,15.5
26.6,14.5
27,14.4
27.2,15.2
27,14
26.5,14
27.4,13.6
26.5,16
27,15.6
25,13.7
25.6,14.2
25.8,14.5
26,15.2
26.2,13.5
25,14.7
25.2,14.5
25.4,13.7
25.6,14
25.5,14.2
26.5,15
27,14.8
24.5,13.5
25,14.8
25.2,14
25.5,14.6
24.5,15
23.7,14
24,14.5
24,13.6
25.7,14.5
26.5,14.4
23.4,15
20.7,14
23,14
23,14.2
21,14.5
22,13.5
23,15
25.5,13.2
25.2,14.1
26.4,15
23.2,14.6
24,14.4
24.5,15.2
25,13.5
24.6,15.2
25,14.6
25.5,14.5
25.2,15.6
26,14.7
26.5,14.2
26.4,12.5
26,15
27,15.2
26.6,14.5
27,14.6
24,14.4
25,14
25.2,14.4
26,13
24.6,14
25,13.6
26,13.5
25.5,13.2
25.6,14.6
26,14.4
26.2,12.5
26,12.6
26.5,14
26.6,14.6
25.5,12.5
26,14.6
26.5,14
25,13.2
27.2,13
25.6,13.7
26,13.5
26.2,15.6
27,12.5
26.8,12
27,14
27.4,14.5
26.6,15.2
28,13.5
28.4,13.2
28.6,14.2
28,12.5
28.5,15.2
28.8,14
29.5,14.8
27.8,13.5
27,15.8
26.8,14.6
27.4,12.5
26,15
26.5,15
26,15.6
26.5,14.5
25.5,14.6
25.6,14.4
25.8,13
26,15
26.5,12.6
27,12.5
27,14.6
26,12
26.6,14.5
27,13.4
27.2,15
26,14
27.8,13.7
28.2,14.8
26.2,13.7
27,14
27.5,14.5
27.6,14.5
28,15.5
28.5,14
28.5,13.2
27,14
27.2,15
27.5,14
26.6,12.5
26,11
26.5,10.7
26.6,13
27.2,12.5
27.5,11
27.8,14.2
27,14.2
27.5,12.4
28,13.5
27.7,14.5
27.2,14
27.5,11
28,11.6
29,16.4
27,15.6
27.3,13
27.2,14.5
27.5,12.7
27.2,10.5
27.5,11.4
28.5,11
27,11.4
27.2,13.8
27.6,11.5
28,10.6
26.6,10
27,9.5
27.5,10.5
28,10
27,12.2
27,10
29.5,10
28.5,5
27,6.2
26.7,6
29,6
28,10.4
27.8,9.5
27,6.6
27.5,6
27,5
26,6
26.5,6
26,6.6
26.2,6.5
25.6,9
26,10.2
26.5,11
26.7,10
26.2,8.6
27,11.6
27.7,8
26.5,7
26,7.2
27,6.7
27.5,10.5
26.3,7.5
26.5,7
26.7,6.2
26,6.2
27.5,7
