19900101
0.40
1.46
1.18
1.16
0.94
1.11
1.42
0.77
1.50
1.25
0.26
0.68
0.38
0.98
0.95
0.65
1.35
0.77
0.86
0.15
1.62
1.48
1.34
0.61
0.77
0.41
0.79
0.51
0.81
0.46
1.09
0.69
0.99
1.01
2.02
0.79
0.82
1.28
0.43
1.93
0.57
0.10
1.02
1.51
1.31
1.97
0.22
0.96
0.45
0.44
0.53
0.95
1.32
1.18
1.55
0.49
2.11
1.89
0.53
0.43
0.62
1.59
2.55
1.37
0.64
1.79
2.10
0.18
0.80
2.45
0.35
1.01
0.80
1.23
1.47
2.09
1.85
0.64
0.32
1.22
0.67
1.77
0.54
0.68
1.99
1.17
0.39
0.75
0.84
1.95
0.29
0.74
1.79
1.07
1.14
1.95
2.48
1.74
0.48
2.31
1.15
0.71
1.11
1.60
1.07
0.74
1.05
0.70
1.17
0.44
0.73
1.20
4.90
1.77
1.71
1.39
2.11
0.60
0.78
1.35
2.49
0.62
2.46
0.46
0.84
0.42
1.58
1.39
2.26
0.85
0.55
1.43
1.32
0.74
2.09
1.09
2.31
0.56
2.48
0.21
0.83
0.74
0.58
0.86
1.08
2.16
0.54
1.06
2.20
0.58
1.65
0.75
1.46
0.52
1.06
1.44
0.58
0.87
1.34
1.90
1.00
0.83
0.42
0.77
0.42
0.87
0.80
1.06
1.49
0.32
0.57
0.72
0.97
0.37
0.49
1.65
0.73
0.89
0.75
1.36
1.08
0.29
0.46
0.28
0.44
1.72
1.39
0.92
0.66
1.51
1.02
1.15
0.85
0.58
0.79
0.68
0.34
1.03
1.27
0.53
0.57
0.23
0.21
1.58
0.85
1.07
0.38
0.52
1.05
0.54
1.94
1.23
0.35
1.25
0.81
0.26
1.20
0.40
0.36
0.61
0.91
0.57
1.77
0.44
0.16
0.64
1.50
0.96
0.53
0.41
1.71
0.10
0.84
1.23
1.00
0.43
1.01
0.73
1.03
0.30
0.31
1.17
0.68
1.25
0.61
0.63
0.77
0.94
0.30
0.95
0.56
0.70
0.93
1.67
1.17
0.41
0.09
0.35
0.57
0.67
0.34
0.83
1.55
0.90
0.76
1.05
0.85
1.25
1.35
0.84
0.42
1.31
0.92
0.67
0.90
0.28
0.46
0.40
0.55
0.85
0.77
0.57
0.88
0.29
0.91
1.33
0.52
1.02
1.06
0.09
0.18
0.50
1.27
1.21
1.28
1.36
0.58
0.91
0.28
0.73
1.12
1.21
0.55
0.91
1.07
0.85
1.24
0.84
0.76
0.71
0.45
1.05
0.92
0.84
0.29
0.76
0.48
0.34
1.25
0.54
1.14
0.87
0.89
0.62
0.69
1.10
1.55
0.83
0.70
0.55
1.73
1.04
1.46
0.51
0.65
0.81
0.62
0.32
0.48
0.17
0.97
0.81
0.70
0.84
0.44
0.43
0.29
0.86
1.20
0.94
0.84
1.52
0.30
0.46
0.05
1.99
1.07
0.20
0.69
0.35
0.85
1.12
0.48
0.61
1.77
0.59
0.61
1.89
0.46
0.83
1.07
0.98
0.96
0.64
1.44
0.84
1.08
1.92
1.55
0.68
0.72
1.13
0.91
1.84
0.86
0.33
1.16
0.42
0.35
0.59
0.39
0.18
1.11
1.64
0.24
0.67
0.49
0.87
1.25
0.51
1.24
0.64
1.16
0.71
0.85
0.22
0.67
1.75
1.23
1.57
1.07
0.99
0.77
1.03
0.85
0.92
1.24
0.85
2.17
0.17
1.38
0.64
0.35
0.80
1.75
0.87
1.52
1.20
2.18
0.55
0.93
0.89
0.28
2.48
1.68
0.61
1.78
1.04
0.23
1.62
1.89
1.65
1.66
1.67
0.29
1.09
1.43
1.02
2.59
1.12
1.25
0.94
1.00
1.20
1.59
1.24
1.50
1.64
0.70
0.84
0.34
1.16
0.39
1.28
0.69
1.31
0.83
1.21
1.48
1.09
1.58
1.15
2.44
0.68
1.21
2.46
0.50
1.13
1.30
1.80
1.00
0.68
0.19
0.85
1.53
1.04
0.93
0.56
1.50
1.63
0.94
1.14
2.02
1.32
0.80
0.15
0.59
1.06
0.43
1.20
1.35
0.51
0.43
0.07
1.72
1.45
0.82
1.09
0.39
0.95
0.17
1.57
2.82
3.25
0.57
0.88
1.18
1.45
0.12
0.27
0.65
1.58
1.30
0.84
1.69
1.30
1.09
0.55
1.84
0.86
0.64
0.27
1.53
0.73
2.26
2.10
0.91
1.67
0.38
1.40
1.40
1.14
2.72
1.97
1.93
1.80
0.54
0.56
1.77
0.76
0.40
0.58
0.61
0.79
0.62
0.38
0.97
1.11
0.21
1.03
0.76
1.10
0.36
1.64
1.06
0.73
1.09
1.20
1.49
0.30
1.14
0.61
0.88
0.75
0.91
1.21
0.56
0.87
0.29
0.58
0.65
0.99
0.59
0.64
0.87
0.22
0.73
0.36
0.60
1.63
1.33
0.80
1.54
0.80
1.31
1.20
0.96
0.56
0.40
0.79
1.32
1.18
1.03
0.54
0.88
0.03
0.21
0.30
0.86
0.79
0.28
0.30
0.99
0.83
0.60
0.58
0.43
0.38
1.31
0.05
0.75
2.01
0.56
1.32
1.24
0.46
0.53
0.98
1.32
0.47
0.19
0.39
1.07
0.82
0.72
2.19
0.85
0.53
0.72
1.22
0.93
0.66
0.91
0.59
0.83
0.41
0.08
0.62
1.18
0.48
0.61
0.76
1.37
1.49
1.13
0.18
0.58
1.06
1.10
0.75
0.92
1.83
0.75
0.67
0.91
0.93
1.10
0.67
0.22
1.11
1.15
1.07
0.73
1.27
0.33
0.79
0.79
0.35
0.68
1.32
1.33
0.52
1.45
0.77
0.33
0.32
0.51
0.68
1.61
0.92
0.39
0.48
0.72
0.69
0.84
0.44
0.64
0.22
1.06
0.48
1.66
0.35
0.81
0.77
1.47
0.76
0.33
1.30
0.47
1.01
0.63
1.35
0.24
0.06
0.17
0.39
0.63
1.26
0.91
0.14
0.39
0.57
2.02
0.78
0.36
1.37
1.27
1.37
0.31
0.55
0.54
0.70
1.17
0.87
1.03
0.34
0.75
0.68
0.85
0.86
0.41
0.26
0.34
1.65
1.27
0.85
1.21
0.40
0.68
2.20
0.58
0.32
1.58
0.27
0.66
1.51
0.43
0.80
0.89
0.98
0.26
0.92
0.87
0.45
0.27
0.60
1.22
1.09
1.11
0.70
1.48
0.51
0.48
0.96
0.78
0.34
2.01
0.47
1.12
0.10
1.58
1.79
0.57
1.28
0.78
0.72
0.36
1.54
0.76
0.21
0.55
0.30
0.91
1.81
2.47
1.76
1.43
0.84
1.12
1.06
1.57
2.03
1.46
1.74
0.83
2.25
0.41
0.84
1.78
0.38
1.46
0.63
1.15
0.96
1.24
0.79
0.82
0.43
0.15
0.79
1.45
0.46
0.25
0.78
2.69
1.46
0.89
0.83
1.54
2.21
2.56
0.12
0.96
1.09
1.13
1.95
0.71
1.25
0.91
1.60
0.75
1.02
0.47
1.83
1.87
0.84
1.20
1.54
1.34
1.32
1.31
0.98
2.08
1.50
0.93
0.70
1.73
1.37
1.10
0.71
2.62
1.00
1.10
1.09
0.59
0.45
0.73
0.77
2.37
0.54
2.26
0.57
0.74
1.58
0.55
1.64
0.61
1.03
0.69
1.13
2.24
1.72
0.65
0.56
2.16
1.10
2.20
1.62
0.71
0.77
1.09
1.81
0.63
0.41
1.57
1.12
1.03
0.50
1.56
0.45
1.09
0.76
2.65
0.48
2.01
2.00
0.53
1.91
1.55
0.56
1.60
1.86
0.88
1.52
0.86
1.18
0.86
1.17
0.26
0.61
0.90
0.51
1.12
1.17
0.53
1.34
0.94
0.71
1.21
1.85
0.77
0.96
0.52
0.26
0.98
0.32
0.91
1.46
1.09
1.61
0.80
1.37
0.80
0.49
0.70
0.40
0.93
0.99
0.66
0.55
0.42
0.44
0.23
1.02
0.44
0.77
1.08
0.42
0.29
0.37
1.26
1.04
1.25
0.80
0.92
0.09
1.56
0.42
0.43
0.75
0.55
0.35
0.34
0.13
1.00
2.16
1.38
0.96
0.90
0.93
1.09
0.79
0.63
1.22
0.46
0.88
0.99
1.07
0.20
1.55
0.43
0.99
1.51
0.41
0.51
0.72
0.42
0.78
0.34
0.90
1.00
0.23
0.91
0.73
1.80
0.97
0.83
0.41
0.18
0.60
0.42
1.20
0.97
0.89
0.45
0.41
0.61
0.73
0.68
0.81
0.86
1.03
0.96
0.94
0.57
1.48
1.07
1.25
0.43
2.05
1.05
0.56
0.85
1.00
1.16
1.93
0.76
0.43
0.82
1.07
0.34
0.23
0.69
0.51
0.85
0.39
0.73
0.43
0.64
1.08
0.58
1.26
0.42
1.46
0.35
0.86
0.56
0.20
0.79
1.76
1.68
0.46
0.65
0.37
0.67
0.70
0.30
0.77
1.19
0.55
1.02
0.72
0.47
1.72
0.91
0.43
0.94
0.32
1.50
1.12
0.32
0.46
1.31
0.55
0.29
0.42
0.74
0.85
0.20
1.11
0.89
0.41
0.95
0.88
1.01
0.80
0.38
1.15
1.07
0.06
0.44
0.08
2.17
0.11
1.68
1.36
1.98
0.26
1.13
0.98
0.33
1.02
1.51
0.88
0.43
0.97
0.26
1.03
0.81
1.14
0.39
0.11
0.52
1.18
0.85
1.10
1.10
1.44
0.61
1.37
1.40
0.45
0.65
0.90
1.59
0.87
0.60
1.91
0.40
1.40
0.65
0.54
0.97
0.54
0.66
1.55
0.70
0.72
0.30
0.45
1.37
0.89
1.14
0.71
1.00
2.89
2.19
0.29
0.71
0.54
0.65
0.90
0.62
1.08
1.00
2.10
0.45
1.28
0.85
1.08
0.82
1.34
1.15
0.84
1.29
1.50
0.52
0.26
0.76
0.09
1.46
0.88
1.65
0.15
0.71
1.27
0.69
1.49
0.87
1.37
0.82
1.03
0.90
1.00
1.33
0.69
0.44
1.54
3.20
2.59
1.17
3.35
1.30
1.60
1.60
0.23
0.94
1.76
0.39
0.28
3.04
1.32
0.43
2.20
2.24
0.86
1.94
1.21
1.14
1.17
2.12
1.02
1.05
1.16
0.62
1.47
1.63
1.80
1.30
2.71
2.32
0.88
1.05
0.86
0.80
1.72
1.18
1.34
0.62
2.53
1.04
0.73
2.52
2.14
0.69
1.18
1.21
1.39
1.74
1.63
1.67
1.29
0.55
1.86
0.78
0.84
0.85
2.53
0.99
1.25
1.15
1.37
1.33
2.28
1.56
2.50
1.74
0.80
1.31
1.84
1.47
1.59
0.55
0.80
0.83
1.00
0.32
0.69
1.25
0.49
1.07
1.43
1.69
0.40
1.65
0.39
0.99
1.04
0.64
0.82
0.56
0.57
1.85
0.70
1.29
0.73
1.20
0.12
1.92
0.14
0.28
1.65
0.27
1.48
0.95
1.58
0.63
0.81
0.09
0.77
1.07
0.93
0.57
1.26
0.59
0.16
1.09
0.19
0.20
0.41
1.08
0.84
0.61
1.24
0.88
1.65
0.98
0.08
0.60
0.57
0.46
0.19
1.13
0.48
0.93
0.64
0.83
1.02
1.32
0.40
0.71
0.55
0.44
1.71
1.63
0.52
0.99
0.95
0.60
0.84
0.69
0.80
0.18
0.71
0.77
0.78
1.14
0.58
1.36
0.74
0.32
0.62
0.67
1.62
1.72
0.49
1.56
0.56
1.64
0.12
0.31
0.86
0.90
1.11
1.20
0.54
0.43
0.40
1.64
1.30
1.21
0.89
0.88
1.24
0.47
1.40
0.80
1.45
0.52
1.43
0.07
1.08
0.44
0.82
1.52
0.47
0.20
0.49
0.74
1.09
0.76
0.69
0.88
0.46
0.55
0.40
1.31
0.83
0.60
2.08
0.97
0.59
0.89
0.38
0.70
0.43
0.38
0.42
0.82
0.56
1.19
1.10
0.26
0.04
1.36
0.95
0.36
1.03
1.95
0.75
0.71
0.62
0.77
0.93
1.05
0.78
1.16
1.07
0.69
0.95
1.14
0.97
0.14
2.37
1.79
0.68
0.79
1.29
0.55
0.63
0.54
0.67
1.27
0.57
0.63
0.58
0.97
0.34
1.84
1.29
0.11
0.85
0.21
0.31
0.68
1.05
0.30
1.23
0.15
0.66
0.71
0.37
1.00
1.66
0.96
1.66
0.35
0.62
1.38
0.78
0.46
0.64
0.04
0.93
1.84
1.13
0.57
0.77
0.73
1.10
0.18
0.69
0.82
1.20
1.20
0.71
1.33
0.97
1.26
0.80
0.84
1.25
1.17
1.09
0.80
0.85
1.11
0.76
1.69
0.54
1.15
0.69
1.17
0.77
1.43
0.98
0.91
0.89
0.84
0.14
2.25
1.51
0.83
1.28
0.78
1.18
1.65
1.37
0.74
0.88
0.55
1.51
2.76
1.49
0.35
0.29
1.04
1.25
1.25
1.93
1.51
0.72
0.87
1.71
0.84
0.57
1.58
0.71
0.64
1.98
1.27
0.42
0.74
0.43
0.97
1.09
1.37
0.85
2.05
1.76
2.09
0.46
1.75
1.07
0.20
0.45
0.97
1.96
0.79
1.19
1.16
0.34
1.69
0.73
1.34
0.88
0.56
2.83
1.43
1.37
1.17
1.63
0.94
0.50
2.48
1.52
1.78
0.64
1.05
2.29
1.26
1.09
1.72
1.40
1.15
1.68
3.00
0.85
0.93
0.87
0.32
0.62
0.23
1.08
0.16
2.23
1.08
0.38
1.53
2.15
1.48
0.85
0.64
1.28
3.35
1.47
1.35
0.99
3.12
0.47
1.19
1.68
1.38
1.29
0.19
1.77
1.60
1.24
0.26
2.96
0.85
1.13
1.53
0.52
1.03
1.42
1.35
0.84
0.79
1.08
1.17
0.77
1.04
0.56
1.54
1.86
0.81
0.94
0.71
1.32
1.74
1.03
1.53
0.85
1.43
1.08
1.16
1.08
0.84
0.93
1.01
0.95
0.95
0.64
0.19
1.11
1.08
0.12
2.76
0.77
0.42
1.15
0.56
0.85
2.53
1.41
0.22
0.92
0.30
0.45
1.20
1.00
0.79
0.46
0.56
0.58
1.16
0.51
1.12
1.09
0.43
1.01
0.77
0.48
0.76
1.29
1.14
0.49
1.14
1.11
0.47
0.95
0.12
1.82
1.02
1.10
1.20
0.57
0.19
0.58
0.12
1.17
1.30
0.65
0.84
0.41
0.52
0.91
2.06
0.78
0.74
0.81
0.44
0.48
1.14
0.78
1.07
1.71
0.83
1.27
0.20
1.11
0.40
0.45
1.53
1.28
0.80
0.61
0.17
0.64
0.13
0.70
1.58
0.67
0.78
0.40
0.59
0.79
0.58
1.09
1.42
0.67
0.95
0.15
0.74
0.22
0.25
0.50
1.38
0.58
1.27
0.69
0.67
0.98
0.47
0.46
1.04
0.96
0.41
0.33
0.79
1.80
0.35
1.68
0.43
1.21
0.50
1.87
1.05
0.87
0.69
0.46
0.64
0.54
0.97
1.22
1.52
0.36
1.55
1.99
0.97
0.85
1.03
0.15
0.97
1.52
0.80
0.70
0.37
0.56
0.38
0.71
0.14
0.60
1.08
0.77
0.93
0.45
0.48
0.51
1.27
0.24
0.50
0.60
0.97
0.51
1.52
0.58
0.91
0.44
1.20
0.38
0.58
0.97
0.65
1.06
0.92
0.24
0.71
0.13
0.66
1.23
0.67
0.32
0.76
0.53
0.94
1.02
0.59
0.71
0.79
0.61
0.48
0.45
0.59
0.22
0.15
1.25
0.15
1.21
0.72
0.86
0.43
0.92
0.54
0.78
1.12
0.85
0.61
0.91
0.69
0.45
0.86
0.87
1.37
0.57
0.80
0.45
1.13
0.57
0.37
0.34
0.93
1.65
1.29
1.18
0.49
1.65
1.35
0.70
1.34
0.21
1.37
0.52
0.16
0.13
1.15
0.39
1.74
1.23
0.86
0.77
0.82
1.17
0.99
2.09
1.54
0.96
0.38
0.39
0.84
2.12
1.24
1.86
1.32
1.52
1.94
1.51
1.48
1.46
0.88
0.46
1.46
1.30
1.38
1.18
2.14
1.18
1.24
1.08
0.55
1.17
2.09
0.72
1.24
1.42
0.75
2.28
0.53
0.86
1.49
2.74
2.03
0.94
2.08
1.80
1.63
0.73
0.57
0.57
1.54
2.80
1.73
1.41
0.79
0.99
0.90
0.49
0.59
0.74
0.69
1.50
0.88
0.12
0.79
0.87
1.06
0.51
0.99
1.88
1.42
1.01
1.14
0.99
0.97
0.75
0.75
1.08
3.18
1.36
1.97
1.70
1.00
1.62
0.70
0.95
2.27
1.24
0.97
0.84
0.40
2.78
0.36
1.33
1.75
1.35
0.61
2.03
1.44
0.76
0.56
1.10
0.93
0.93
1.15
1.27
1.84
0.43
1.57
1.62
0.27
0.63
1.30
1.25
0.05
0.89
1.13
0.34
0.52
1.15
0.68
0.45
1.59
0.82
0.65
1.27
0.58
0.56
1.10
1.86
0.93
0.41
1.25
1.34
0.70
1.01
0.49
0.85
0.93
0.22
0.43
2.00
1.29
0.95
1.08
0.91
1.83
2.26
0.16
0.60
0.73
0.74
1.24
0.29
0.60
1.08
0.07
0.36
0.33
0.84
0.98
2.14
1.00
0.77
0.72
1.85
0.68
0.61
0.37
0.90
0.71
0.81
0.49
1.26
0.25
1.14
1.07
0.40
0.83
0.76
1.03
0.85
0.77
0.18
1.20
0.19
1.14
0.39
0.41
0.67
0.82
1.06
0.47
0.19
1.07
0.91
0.99
0.60
0.47
1.34
0.22
1.60
1.45
1.31
0.56
0.42
0.53
1.24
0.69
1.32
0.76
0.32
1.06
1.32
0.81
0.86
0.91
0.85
1.40
1.04
1.53
0.73
1.59
1.21
0.70
0.53
1.73
0.48
0.96
0.78
0.52
1.06
1.19
0.94
0.41
0.41
0.81
0.74
0.65
1.03
0.49
1.89
0.34
0.89
0.40
2.09
2.27
0.44
1.29
0.40
1.30
0.79
0.51
0.74
0.90
0.32
0.92
0.79
1.20
1.44
0.21
0.84
0.31
0.81
0.84
1.28
0.67
0.42
0.44
1.53
0.57
0.37
1.20
1.06
0.37
0.13
1.09
1.66
1.37
1.09
0.80
0.12
0.90
0.37
1.04
0.74
0.59
0.68
0.64
1.37
0.63
1.02
0.62
1.04
1.50
1.75
0.18
0.61
1.30
1.31
0.88
0.42
0.10
0.36
0.79
1.39
0.86
0.33
0.65
1.18
0.88
0.53
0.97
0.65
0.67
0.42
0.22
1.60
0.72
0.63
0.54
0.78
1.50
0.18
1.10
0.47
0.74
0.75
0.49
1.33
1.33
0.62
1.32
1.21
0.16
0.28
1.07
0.63
0.38
0.38
0.64
1.05
0.78
1.14
0.60
0.73
1.06
1.57
0.49
0.26
0.30
0.18
0.33
0.59
0.59
0.26
1.33
1.26
0.64
0.62
1.19
1.79
1.39
3.07
1.28
0.90
1.65
1.55
2.17
2.29
2.48
0.87
2.01
2.41
1.54
0.93
1.49
1.26
0.76
2.56
0.76
2.33
0.85
0.75
0.50
0.33
1.51
0.93
1.91
0.58
0.68
1.16
1.07
1.20
1.21
2.24
1.05
1.07
2.10
0.50
1.87
1.04
1.31
1.06
0.41
0.90
1.83
1.56
2.07
1.28
0.96
1.05
2.55
0.83
1.42
0.77
0.34
2.78
1.84
1.41
3.31
0.77
1.65
1.00
2.69
2.09
1.01
1.17
0.19
2.35
1.80
0.99
1.45
1.81
1.03
0.46
0.59
0.80
1.96
0.63
2.04
0.39
0.43
1.75
0.88
1.41
1.86
1.37
1.32
0.91
0.99
1.95
0.38
0.23
0.73
0.12
2.04
0.24
1.29
0.34
1.70
0.55
1.30
3.13
0.55
1.39
1.87
1.21
1.25
0.28
0.78
2.16
0.74
0.86
0.45
0.84
1.30
0.56
0.69
2.82
1.68
0.67
2.11
0.39
1.17
2.01
0.98
0.85
1.19
0.19
0.43
0.69
0.61
1.59
0.73
0.78
0.96
1.31
1.06
0.28
1.13
1.06
0.86
0.48
1.17
0.54
0.66
0.60
0.92
0.22
0.25
1.52
0.87
0.56
1.26
1.09
0.17
0.58
0.40
0.28
0.83
0.78
0.44
0.80
0.71
1.06
0.55
0.64
0.65
0.54
0.75
1.34
0.99
1.52
0.29
0.38
1.06
0.77
0.28
0.32
1.58
0.74
0.76
0.47
0.57
0.75
1.02
0.14
1.18
1.84
0.31
1.18
0.12
1.03
1.83
0.92
0.18
1.06
1.00
1.07
0.77
0.26
1.15
0.28
0.15
1.62
0.40
0.64
0.52
0.20
0.64
0.66
0.79
0.65
0.62
0.13
0.68
0.51
1.60
0.92
0.44
0.75
1.17
1.04
0.85
0.26
0.55
1.70
1.33
0.47
1.09
0.81
0.29
1.43
0.39
1.44
0.33
0.92
1.64
0.67
0.87
0.73
1.66
0.51
0.99
1.36
0.48
1.79
0.09
1.05
0.66
1.54
1.45
0.70
0.74
1.07
0.99
0.18
0.57
1.76
0.28
0.72
0.93
0.79
0.09
0.47
0.54
1.17
0.72
0.51
1.49
0.86
0.51
0.77
0.25
0.46
0.36
0.98
0.38
0.68
1.25
0.88
0.18
1.02
1.34
1.40
1.02
0.78
1.17
0.80
0.59
0.86
1.61
0.77
0.88
0.54
0.53
0.82
0.76
0.87
1.40
0.27
0.67
1.76
0.45
0.44
0.80
0.59
0.52
0.71
0.11
0.30
1.09
0.72
1.00
0.79
0.82
0.79
1.49
1.63
1.26
0.61
0.66
1.36
1.12
0.93
0.44
0.68
0.12
0.56
0.91
0.47
1.78
0.38
0.59
0.38
1.65
0.44
0.73
0.95
0.50
0.81
0.16
0.71
1.49
0.82
0.40
1.05
0.39
0.88
2.75
0.72
1.20
0.34
0.70
0.55
1.79
1.28
0.84
1.93
1.70
1.26
1.09
1.10
1.28
0.88
1.62
0.66
1.43
1.50
1.93
1.64
0.34
2.12
1.47
1.37
2.33
1.58
1.16
1.87
1.39
2.01
0.38
1.50
1.93
2.43
2.32
1.95
0.29
0.51
1.15
0.99
1.30
1.34
0.82
2.15
1.78
0.75
1.45
0.25
0.73
1.83
2.60
0.26
0.85
1.34
0.32
0.64
1.90
0.82
1.28
1.40
2.61
1.77
2.38
1.96
0.85
1.59
2.05
0.83
1.02
1.36
0.56
0.54
1.67
0.80
2.11
2.48
1.64
1.19
0.85
0.50
1.54
0.71
0.60
2.19
0.43
1.36
0.67
1.78
1.60
0.69
1.32
1.67
1.01
1.94
0.17
1.39
1.94
2.01
1.70
1.01
0.22
2.21
1.41
0.56
2.30
0.26
1.25
0.79
1.17
0.28
1.25
0.92
0.91
0.27
0.94
0.90
0.97
0.85
0.13
0.44
0.91
2.21
1.48
1.18
1.87
1.33
1.19
0.76
1.61
0.77
1.36
1.10
1.71
2.73
1.29
1.05
0.76
1.35
0.52
0.67
0.43
0.32
0.58
1.23
0.40
1.58
1.24
1.39
0.96
0.24
0.30
2.12
0.29
1.18
0.68
0.54
0.35
0.69
0.53
1.12
2.22
1.75
0.91
0.92
0.68
1.06
0.83
0.62
1.42
0.53
0.57
0.86
0.47
0.23
0.73
1.92
0.51
1.82
0.61
0.47
0.43
1.35
0.43
0.68
0.49
0.96
0.80
0.74
0.99
0.34
0.37
1.14
0.83
0.73
0.82
0.65
0.15
0.45
1.18
0.03
0.79
0.31
0.26
1.30
0.67
1.10
0.96
0.20
1.08
0.64
0.59
1.32
0.50
0.53
0.88
0.99
0.80
0.74
1.21
0.38
0.54
1.40
0.34
0.57
0.85
0.95
0.73
1.15
0.14
0.04
1.02
1.06
1.02
2.01
1.10
0.46
1.02
1.81
0.45
0.22
0.82
0.25
0.18
1.33
0.31
0.47
0.78
1.32
0.46
1.40
1.26
0.74
1.04
0.14
0.78
1.38
2.13
0.42
0.69
0.57
1.08
1.59
0.59
1.10
0.82
0.68
1.02
0.81
0.49
0.41
0.53
0.92
0.63
1.41
0.65
1.12
0.70
0.76
1.04
0.23
1.19
0.92
0.62
0.31
0.23
0.41
1.17
1.10
0.36
0.54
0.52
1.16
0.64
0.63
0.07
1.08
0.59
1.85
0.42
1.26
1.16
0.44
0.17
0.54
1.33
1.79
0.28
0.14
0.88
0.97
1.42
0.92
0.96
0.64
0.64
1.05
0.83
0.52
1.54
0.42
0.69
0.85
1.36
0.42
0.79
1.08
1.05
0.70
0.24
2.08
0.95
1.84
0.61
1.06
1.39
0.96
0.24
0.79
1.09
0.50
0.88
0.58
0.39
0.26
0.17
0.67
0.54
0.25
1.79
0.76
0.87
0.40
0.49
0.70
1.49
1.55
0.73
0.91
0.94
0.68
1.47
1.01
1.30
1.13
0.41
0.96
0.01
1.16
0.99
0.50
2.23
1.33
1.22
0.36
1.06
1.28
0.90
0.36
0.66
1.75
0.72
0.17
1.84
0.20
0.42
1.10
0.47
0.95
0.73
1.23
1.11
1.66
3.22
1.22
1.79
0.30
2.75
0.96
1.36
0.55
0.66
1.01
1.18
1.80
0.87
0.66
1.11
0.99
1.02
1.53
1.16
1.74
0.98
0.56
1.34
0.86
0.93
0.72
1.69
2.49
1.00
2.25
2.28
2.18
1.30
0.42
1.21
1.55
1.35
0.87
1.49
2.28
2.12
0.82
1.62
0.85
0.85
1.16
1.51
1.25
0.80
0.08
0.06
2.26
1.35
0.68
2.38
1.49
0.79
1.79
2.06
1.02
0.96
0.19
1.74
0.46
0.21
0.93
1.50
0.42
1.41
0.88
0.97
1.94
1.01
1.25
1.35
1.28
1.49
1.13
0.62
0.69
0.74
1.51
0.43
1.00
1.50
0.93
0.56
0.54
0.81
1.42
0.53
1.10
0.82
0.84
1.04
1.02
0.65
3.15
0.82
0.88
0.79
1.26
1.41
0.35
1.47
0.79
1.05
0.62
1.81
0.76
0.50
0.38
1.08
0.76
0.92
0.94
1.05
0.46
0.63
0.35
0.31
1.69
0.76
1.45
0.66
0.64
2.22
0.27
0.69
1.31
0.43
0.57
0.70
1.05
1.12
0.66
1.56
0.96
1.79
1.28
0.66
0.71
0.95
1.05
0.94
0.97
0.97
1.80
0.48
0.17
0.73
0.28
0.28
1.27
0.90
0.58
0.07
0.62
1.17
0.12
1.32
1.33
1.09
0.27
1.10
0.41
0.37
0.39
0.89
0.45
0.79
0.88
0.95
0.43
0.24
0.57
1.06
0.63
1.21
0.83
0.60
0.59
0.45
1.10
1.49
0.71
0.57
1.11
1.21
0.47
1.01
1.22
0.39
0.37
1.00
0.79
0.74
1.12
0.74
0.85
0.42
0.74
1.68
0.77
0.33
0.86
1.26
0.90
0.20
0.81
0.51
1.73
0.81
0.25
0.27
0.93
0.34
0.97
1.04
0.84
0.73
1.76
0.18
1.36
1.36
0.90
1.01
0.10
1.05
0.73
0.68
0.55
0.87
0.98
1.02
1.40
0.65
1.25
0.16
0.51
1.43
0.86
0.89
0.49
0.45
0.91
1.52
0.48
0.80
1.85
1.19
0.72
1.19
1.19
1.17
1.34
1.08
0.78
1.93
1.09
1.39
1.83
0.84
0.88
0.54
0.38
0.84
0.53
0.53
0.26
0.20
0.85
0.70
0.23
0.35
1.26
1.06
0.33
1.00
0.41
1.21
1.06
0.30
0.38
1.20
0.78
1.17
1.02
0.51
0.19
1.32
0.40
0.34
0.86
1.16
0.37
0.31
1.48
0.62
1.18
0.25
1.48
1.19
0.87
1.23
0.45
0.53
1.11
1.52
0.87
0.86
1.33
0.28
0.77
0.80
0.30
0.76
0.44
0.42
0.80
0.50
1.29
1.14
1.44
1.02
1.15
1.33
0.92
1.07
1.01
0.76
0.47
0.53
1.45
1.72
0.59
1.34
1.32
0.67
1.59
0.69
1.15
0.68
0.75
0.45
1.41
1.69
0.01
1.93
0.51
1.33
0.51
0.96
1.00
0.39
3.12
0.39
0.62
0.74
1.37
1.77
0.87
0.61
0.71
0.72
1.40
1.36
1.30
0.74
1.05
1.07
1.68
0.54
1.03
2.20
1.01
1.05
0.99
0.56
1.13
1.87
1.53
2.93
2.66
1.34
1.85
2.08
1.60
1.00
0.71
1.31
0.63
0.77
0.66
0.53
1.11
0.58
1.24
2.06
1.55
0.53
0.86
1.90
1.03
0.31
1.84
0.91
1.39
0.67
0.65
1.09
1.19
1.01
0.84
1.72
1.02
1.26
2.20
2.39
2.46
1.62
0.51
0.27
2.10
0.83
1.82
1.00
0.32
1.49
0.61
0.74
0.90
0.90
2.41
1.19
2.15
0.88
1.56
2.63
0.97
0.89
0.77
0.71
0.91
1.21
1.20
2.24
0.37
0.74
1.67
1.10
2.34
2.25
0.93
1.76
1.30
0.78
0.43
1.47
1.17
0.58
2.77
1.48
1.28
1.28
0.31
1.94
1.33
0.38
0.44
1.85
1.34
2.57
1.12
0.54
1.39
1.27
1.41
0.55
1.08
1.15
0.41
1.05
0.98
0.43
0.40
0.67
0.79
1.08
1.03
0.61
0.49
0.18
0.21
0.97
0.99
2.13
1.05
1.40
1.49
0.09
0.41
0.39
0.53
1.31
0.91
0.55
1.27
0.28
1.13
1.57
0.94
0.51
1.08
0.60
0.54
0.67
0.40
0.47
0.38
0.82
0.78
0.93
1.00
0.68
0.62
0.56
0.33
1.76
0.57
1.36
0.03
1.36
0.27
0.69
0.31
1.54
1.50
0.34
0.64
0.67
0.80
0.26
0.50
0.94
1.32
0.70
0.18
1.83
0.60
0.52
0.65
0.91
0.45
0.48
0.16
0.51
0.27
1.24
0.53
0.82
0.25
0.61
0.80
0.84
0.95
1.25
1.23
0.52
1.07
1.23
1.45
0.86
0.63
0.81
0.91
0.52
0.78
0.92
0.93
0.61
1.26
0.49
1.50
1.81
0.81
0.95
1.03
0.89
0.23
0.68
1.13
0.80
0.80
0.67
1.14
0.38
0.92
0.41
0.29
0.31
0.66
0.53
0.78
0.59
1.06
0.22
0.86
1.77
0.47
1.00
0.54
1.01
0.74
0.68
1.31
0.21
0.90
0.27
0.93
0.56
0.61
0.13
1.19
0.44
1.46
1.40
0.97
0.39
0.79
0.81
0.73
0.57
0.98
1.23
1.00
0.43
1.72
1.08
0.42
0.85
0.15
0.95
0.57
1.41
0.42
0.12
1.19
1.71
0.26
1.53
1.26
0.74
0.96
0.34
0.31
0.89
0.44
0.59
0.65
0.76
2.25
0.26
0.91
0.54
1.09
0.71
1.65
0.55
0.30
0.69
0.70
1.20
0.88
0.85
0.09
1.09
0.62
1.41
1.07
0.65
0.31
1.68
0.91
0.99
0.16
0.41
1.24
0.56
1.48
1.27
2.00
1.39
0.58
1.86
1.49
0.56
1.01
0.71
1.57
0.75
0.91
0.55
1.77
0.02
0.57
0.35
1.12
0.87
0.85
0.98
0.37
0.78
1.23
0.81
0.96
1.30
1.10
0.42
1.68
2.38
1.37
0.81
1.38
0.98
1.03
0.86
1.72
1.79
1.44
1.24
1.15
1.97
0.46
0.52
0.95
0.39
2.35
1.19
0.52
0.76
1.85
0.79
0.81
1.17
1.10
0.77
0.47
0.36
0.57
1.82
0.37
0.65
0.54
0.65
1.69
2.32
1.17
1.16
2.55
1.15
0.09
1.51
1.47
2.74
2.15
0.74
1.88
1.40
1.40
0.69
2.98
1.93
1.89
0.94
2.19
1.27
0.51
1.84
1.29
1.58
0.05
0.41
1.78
0.11
1.87
0.94
1.09
2.92
1.63
1.11
1.56
0.68
1.45
1.22
0.78
1.44
0.17
2.76
2.45
1.07
2.02
0.35
0.92
1.77
2.64
0.90
1.28
1.17
1.17
1.59
0.45
1.09
0.52
0.91
2.36
1.53
1.91
1.44
1.09
1.23
1.18
0.65
1.58
1.75
0.88
1.91
0.82
1.42
0.91
0.71
0.18
0.73
1.47
1.50
1.25
0.48
2.32
1.11
1.05
1.96
0.80
0.18
0.38
0.78
0.78
0.46
1.65
0.98
0.41
1.33
0.22
1.40
0.36
0.87
0.75
0.37
0.68
0.84
1.45
1.10
2.09
1.07
1.05
0.64
0.94
1.13
1.32
0.95
1.72
1.98
1.21
1.40
1.19
0.35
0.15
2.02
0.61
1.13
0.74
1.02
0.16
1.03
0.31
0.31
0.93
1.04
0.64
0.67
0.80
0.83
0.26
1.12
0.38
1.13
0.32
0.83
0.70
0.65
0.53
1.00
0.90
1.55
0.67
1.35
0.49
0.27
1.67
0.21
0.79
0.83
0.85
0.22
0.06
0.47
0.41
1.23
0.37
1.76
0.26
0.91
0.82
0.49
0.15
0.93
0.77
0.71
0.19
0.96
1.13
1.07
1.23
0.92
1.23
0.66
0.32
1.75
1.93
1.60
0.22
1.22
1.03
0.34
0.93
1.09
0.85
0.60
1.59
0.87
0.78
0.41
2.00
0.33
1.10
0.87
1.23
0.32
0.73
0.03
0.86
1.17
1.50
1.55
1.03
0.52
1.14
1.13
0.49
0.47
2.28
0.82
1.37
0.46
0.94
1.17
0.91
1.48
0.59
0.97
1.39
0.38
0.64
0.60
1.39
1.12
0.48
0.29
0.87
1.04
0.42
0.38
0.86
0.58
0.80
0.74
0.12
1.12
0.65
0.63
0.46
1.59
0.34
0.27
0.53
0.78
0.35
0.90
0.21
0.40
0.53
0.62
0.92
0.91
0.46
1.05
1.20
0.98
0.38
1.14
0.28
0.95
0.59
0.68
1.91
1.23
0.70
0.33
0.87
1.31
0.32
1.56
1.60
0.28
0.84
0.75
0.65
0.41
1.25
1.14
1.10
1.54
0.28
1.02
0.92
1.03
0.22
0.54
0.31
0.69
1.05
0.86
0.80
0.86
0.55
0.37
1.21
1.37
1.37
0.65
0.42
0.74
0.60
0.43
2.25
1.08
0.84
1.38
0.59
1.55
0.97
1.52
0.48
0.52
0.98
1.68
1.57
1.61
0.23
0.77
0.61
0.18
0.71
0.69
0.83
0.44
1.10
0.96
1.41
1.74
1.04
2.49
0.61
2.66
0.77
1.86
0.47
0.95
1.60
0.60
0.29
0.58
1.06
1.88
1.03
1.41
0.51
2.77
2.11
0.86
1.39
1.17
1.10
0.96
1.26
2.93
1.55
1.26
0.97
2.19
0.88
1.45
0.71
2.45
1.32
0.26
1.51
1.29
0.41
0.70
1.27
0.67
1.12
1.10
1.05
0.61
1.61
0.55
1.60
0.26
1.65
1.84
2.09
2.36
1.78
1.34
1.78
0.62
1.56
1.87
1.58
1.37
0.34
1.48
1.01
1.09
1.68
1.45
3.26
0.40
1.49
0.93
0.19
0.78
1.72
0.66
1.18
1.19
1.52
1.44
3.07
2.03
0.71
1.63
1.06
1.80
2.59
0.86
0.89
0.70
0.64
0.63
1.18
1.00
0.79
0.77
0.74
1.51
1.02
0.81
1.60
1.83
1.08
0.34
0.69
0.56
0.34
1.00
0.19
1.40
0.86
0.99
0.87
1.18
1.34
1.26
1.42
1.46
1.47
0.35
1.25
1.97
1.11
1.96
0.49
0.75
0.97
0.65
1.35
0.63
1.55
0.68
1.68
0.85
0.59
1.26
0.75
1.65
1.53
0.88
0.64
0.58
0.73
0.31
0.76
0.53
1.68
1.01
0.47
0.41
0.67
0.70
0.59
1.51
0.73
0.27
0.52
0.68
1.30
1.24
0.95
0.83
0.17
1.24
0.54
0.49
0.74
0.41
0.84
0.39
0.62
2.14
1.24
0.94
0.71
0.46
0.96
0.54
0.37
0.57
1.38
0.34
0.98
0.83
1.03
1.44
0.74
0.93
1.23
0.69
0.84
0.39
0.78
0.35
0.39
1.43
2.10
1.15
0.62
0.42
0.73
0.75
0.52
0.53
0.81
0.92
1.49
0.78
1.43
1.50
0.62
0.58
0.55
0.86
1.11
0.49
0.42
1.26
0.43
1.50
0.36
1.63
0.78
0.97
0.52
0.84
0.32
0.84
1.01
1.54
0.49
0.83
0.41
1.06
1.72
0.11
0.67
0.48
2.14
0.90
1.08
0.44
0.21
0.21
0.54
0.73
1.23
0.31
1.10
0.72
0.30
1.91
0.44
0.87
0.85
0.99
0.89
1.69
1.23
0.82
0.21
0.63
0.63
0.96
0.06
1.66
0.86
1.14
0.38
0.53
0.82
0.80
1.06
1.06
0.34
1.50
1.02
1.07
0.92
0.54
0.37
1.02
0.72
1.21
0.71
0.84
0.48
0.49
0.50
0.66
0.60
1.03
0.40
1.15
1.03
0.67
1.22
0.67
1.00
0.40
1.21
0.71
0.65
0.37
0.56
0.60
0.89
0.96
1.11
1.71
1.20
0.73
1.39
1.14
1.43
1.33
1.59
1.13
0.14
0.65
0.68
0.62
1.66
0.80
0.31
0.29
0.58
1.29
0.42
1.10
0.69
1.88
1.97
1.54
1.82
1.48
1.39
1.04
0.28
1.28
0.12
1.28
0.45
1.02
0.95
1.33
1.35
1.15
0.59
0.76
0.76
2.29
0.34
1.92
0.47
0.47
0.20
0.83
1.05
1.65
0.40
1.94
1.22
1.07
0.44
1.04
0.98
1.18
1.17
1.13
1.77
0.99
1.52
1.03
0.58
1.16
1.43
0.49
0.80
1.19
0.62
1.70
0.69
1.42
1.68
2.20
0.29
2.08
1.65
1.33
1.06
0.31
1.94
1.61
1.30
0.33
0.96
1.71
1.55
1.57
1.61
0.61
0.92
1.39
2.37
0.28
2.02
0.77
1.53
0.37
1.94
1.53
0.35
2.61
0.85
1.57
2.13
0.63
1.16
0.47
1.06
1.22
1.05
0.27
0.44
0.47
1.84
1.20
0.16
2.56
0.16
1.52
0.40
2.29
1.60
1.22
0.80
1.00
1.40
0.63
0.41
0.74
0.24
1.05
0.28
1.59
1.36
0.35
0.43
1.69
1.88
1.48
1.03
1.31
0.48
2.34
0.89
1.32
1.04
2.21
1.73
1.27
0.72
0.96
1.99
1.51
1.63
0.48
0.57
1.92
0.57
1.55
0.64
1.33
1.36
0.86
1.21
2.35
0.93
1.51
2.17
0.88
1.13
1.57
1.11
0.36
1.90
0.72
0.12
0.82
0.63
1.57
1.61
1.26
1.02
1.86
0.57
0.87
1.70
1.20
0.38
0.88
0.67
1.09
1.54
1.42
0.95
0.81
0.45
1.15
0.27
0.87
1.96
1.33
1.26
0.40
0.89
0.19
0.57
0.94
0.33
0.66
0.27
1.42
0.94
0.33
0.39
0.48
0.91
0.54
0.97
0.39
1.32
0.89
0.35
0.62
1.16
0.72
1.49
0.61
0.65
0.80
1.04
1.39
0.87
0.24
1.15
0.68
0.61
1.64
0.71
0.58
1.27
1.45
0.95
0.42
1.06
0.58
0.07
1.83
0.30
0.81
0.98
0.52
1.35
0.66
0.69
0.29
0.63
2.03
0.61
0.86
1.10
0.14
0.29
0.59
0.37
1.03
1.31
0.80
1.67
1.19
0.46
0.74
0.74
2.45
0.45
0.26
1.20
0.89
1.81
1.51
1.48
0.11
0.77
1.53
1.89
1.43
1.35
1.14
0.59
1.28
0.15
0.81
0.49
0.59
0.79
0.79
0.67
0.48
1.38
1.19
0.52
0.94
0.52
1.15
1.56
0.76
0.48
1.17
1.48
1.02
1.28
1.38
0.81
1.06
0.24
1.64
1.31
1.59
1.37
0.27
1.70
0.49
1.23
0.96
0.58
1.12
1.33
1.19
0.87
0.89
0.31
1.15
0.97
0.46
0.87
0.10
0.81
1.18
0.80
0.27
1.22
0.82
0.65
0.55
0.95
0.18
0.28
1.29
1.94
0.30
1.67
0.08
0.71
0.33
0.91
0.97
0.66
0.44
1.03
0.61
0.65
1.43
0.58
0.80
0.74
0.23
0.84
0.64
0.60
0.80
0.91
0.65
1.17
0.32
1.85
1.13
0.64
1.05
0.81
1.36
0.35
0.74
0.92
0.47
0.53
0.92
1.16
1.74
1.91
1.43
0.94
0.65
0.82
0.47
0.23
0.92
1.12
0.34
1.74
1.15
0.62
0.31
1.31
0.67
0.20
0.85
1.42
0.81
0.56
0.42
0.23
0.81
1.39
1.20
1.98
2.70
0.10
0.63
0.79
0.18
0.72
1.20
1.42
0.89
0.49
0.55
1.98
1.14
1.26
0.44
1.00
1.16
0.91
0.48
0.61
1.54
2.48
0.53
1.88
0.63
1.64
2.01
1.78
0.52
0.43
1.38
1.15
1.51
0.45
0.87
1.24
2.11
1.91
0.78
2.84
0.61
2.04
1.46
3.01
0.72
0.83
1.28
1.83
0.76
1.76
1.07
1.53
1.08
2.60
1.78
1.71
1.44
0.24
1.32
2.01
1.31
1.60
0.21
0.99
1.42
1.30
1.50
0.27
1.18
1.35
1.49
0.85
1.09
0.90
1.60
1.14
0.56
2.87
1.85
1.57
2.13
1.48
1.98
1.95
2.17
1.23
0.50
1.22
1.32
1.11
1.75
1.04
1.93
0.09
1.08
1.44
1.08
2.05
1.44
0.90
2.47
1.68
1.98
1.59
1.80
1.45
0.68
1.08
2.28
0.84
0.95
1.32
0.52
0.89
1.12
1.51
2.14
1.55
1.15
1.80
0.41
0.85
1.19
0.35
0.82
0.20
0.62
0.64
1.22
1.34
0.70
0.62
0.80
0.96
0.79
1.57
0.95
1.05
0.99
0.82
0.73
1.53
0.36
0.85
0.77
0.76
0.78
0.21
1.38
1.36
0.77
0.86
0.71
0.93
2.09
0.75
0.60
0.42
0.69
0.14
0.66
0.54
0.58
1.65
1.18
0.27
0.06
1.32
0.90
0.44
0.13
0.53
0.20
0.52
1.27
0.75
1.14
1.09
1.14
0.98
1.31
1.05
0.80
0.79
1.41
0.58
0.68
0.11
0.71
0.88
0.62
0.95
0.79
0.51
0.53
0.74
0.58
1.43
0.60
1.65
0.82
0.72
1.43
1.32
0.56
1.12
1.19
0.80
1.26
1.57
0.47
0.34
0.78
0.86
0.49
1.09
0.96
1.65
0.57
0.90
0.32
0.62
0.63
0.49
1.28
0.40
1.20
1.15
1.29
1.12
3.05
0.14
0.46
1.33
0.67
0.48
1.31
0.56
0.42
0.42
0.37
0.80
0.51
0.46
0.73
0.90
1.34
0.53
0.21
0.57
1.29
0.81
1.83
0.29
0.86
1.01
0.83
0.56
0.89
0.76
0.76
1.19
0.41
0.55
1.14
2.03
1.28
0.80
0.35
0.33
0.81
0.68
1.03
1.22
0.44
1.19
1.24
0.25
1.04
0.48
0.38
0.96
0.72
0.49
0.68
0.48
1.50
0.74
1.64
1.70
0.33
1.04
0.46
0.24
1.12
1.36
0.67
0.74
0.63
0.23
1.26
0.78
0.65
0.66
0.68
1.68
0.67
1.03
0.30
1.04
0.97
2.01
0.56
0.37
0.79
1.04
1.00
0.38
0.98
1.22
0.54
0.34
1.22
0.45
0.93
1.17
1.32
0.95
0.33
0.95
0.33
1.06
0.38
0.42
0.69
0.86
1.45
1.13
0.73
1.24
0.38
1.43
0.98
0.53
0.80
1.47
1.84
0.01
0.69
0.71
0.37
0.51
0.66
1.33
1.57
0.34
0.32
0.64
0.21
0.33
1.04
0.37
0.62
2.03
1.65
0.67
0.67
0.97
0.97
3.90
1.37
1.13
1.80
1.72
0.18
0.87
0.63
0.31
2.41
0.15
1.49
0.90
1.20
0.34
1.67
1.50
2.71
1.83
2.60
0.29
0.66
2.57
0.44
1.09
1.92
1.41
1.16
0.86
2.10
1.79
1.76
2.17
0.19
0.66
2.26
1.86
1.17
1.33
1.11
2.43
1.26
1.66
1.56
1.70
1.64
2.21
0.15
0.59
1.80
0.86
1.76
1.69
3.20
2.52
1.96
0.29
1.51
0.90
2.74
0.31
0.74
1.63
0.94
2.33
0.55
0.95
0.17
1.13
0.98
1.42
0.10
1.44
0.55
1.05
0.86
1.21
1.58
1.14
2.04
0.72
1.66
0.53
0.94
2.02
0.23
0.99
0.38
0.88
1.78
0.42
0.43
1.05
0.85
1.25
0.90
2.21
1.30
1.15
1.73
1.38
0.75
0.96
1.28
0.92
1.61
0.45
1.12
1.09
2.11
1.07
2.42
1.21
0.29
2.23
0.47
1.17
1.28
0.44
1.47
0.50
1.62
0.92
0.97
0.30
1.01
0.44
0.37
1.08
1.46
0.58
1.52
0.56
0.85
2.39
0.83
1.93
1.03
0.76
1.49
0.68
1.12
2.50
0.84
0.41
0.02
1.22
0.28
0.31
0.04
1.18
0.61
1.04
0.98
1.43
0.50
0.76
0.60
0.58
0.68
1.16
1.16
0.60
0.40
0.04
0.74
1.50
0.49
0.21
0.96
0.29
0.19
0.77
0.51
0.55
0.88
0.93
0.68
1.08
1.17
0.92
0.28
0.45
0.78
0.64
0.51
0.83
1.60
0.54
0.60
1.63
0.31
1.32
0.35
0.45
0.68
0.28
1.69
1.14
0.44
1.01
0.62
1.28
1.31
1.04
1.22
0.86
1.08
0.57
1.41
1.06
0.47
0.61
0.66
0.84
1.13
0.65
0.85
1.12
0.87
0.88
0.17
0.45
1.38
1.00
0.24
1.38
0.54
1.40
1.24
0.99
1.26
1.81
1.66
0.73
0.93
0.51
0.21
0.72
1.16
0.32
0.29
0.33
1.41
0.72
1.24
0.88
1.40
2.18
0.63
0.81
1.34
0.30
0.68
0.66
1.09
0.37
0.88
1.44
0.55
0.54
1.16
1.37
0.40
0.61
0.91
1.58
0.47
1.01
0.79
1.39
0.82
1.01
0.42
0.35
0.94
1.45
0.51
0.65
0.90
1.19
0.28
0.44
0.64
0.76
0.93
0.74
1.17
0.17
0.59
0.30
0.36
0.73
1.82
0.76
1.08
0.32
0.93
0.81
1.75
1.81
0.73
1.00
0.35
1.03
0.74
0.68
1.32
1.40
1.67
0.49
0.53
0.30
0.58
0.88
0.77
1.75
0.83
1.07
0.71
1.48
1.00
0.73
1.04
0.44
1.44
1.20
1.26
0.53
0.79
0.63
0.60
0.94
0.12
0.95
1.22
0.69
0.83
0.79
1.17
0.53
1.01
0.82
0.29
2.12
1.34
1.73
1.05
2.52
0.99
0.38
0.27
1.00
1.04
1.78
1.34
0.40
1.46
0.54
0.39
0.71
1.83
1.04
0.43
0.36
3.41
0.41
1.07
1.13
0.70
2.76
1.24
2.04
1.83
1.84
1.39
1.05
0.91
1.25
1.18
1.23
1.10
0.34
1.07
0.31
1.54
0.72
1.11
0.59
0.24
1.26
0.96
0.82
1.22
0.78
1.46
1.58
2.13
2.27
0.10
1.14
1.25
0.29
1.48
2.43
0.87
1.03
1.75
2.18
0.81
1.71
1.32
1.50
1.27
0.76
1.22
1.03
1.57
1.11
2.25
0.51
1.69
2.63
1.26
2.29
1.49
1.35
1.49
0.42
1.51
1.31
1.42
1.64
1.82
2.25
1.36
0.62
0.64
0.52
2.26
1.99
0.49
1.48
0.99
1.50
1.09
1.66
0.84
0.12
0.61
1.20
1.11
2.16
2.38
1.58
1.89
1.58
0.74
1.41
1.49
1.89
3.07
0.97
1.67
0.47
0.90
0.52
0.94
1.11
0.54
1.32
0.39
0.31
0.57
1.27
1.35
2.50
2.14
1.61
1.23
1.25
0.71
1.30
0.51
2.09
1.00
0.80
0.71
2.79
0.77
0.50
1.05
1.36
1.23
1.33
1.44
0.90
0.50
1.39
0.72
1.70
0.41
0.73
0.64
0.83
1.07
1.05
0.74
0.89
1.28
2.00
0.91
0.09
0.81
0.17
0.26
1.28
0.43
0.93
0.62
0.31
0.25
2.26
0.20
0.48
1.95
0.20
0.33
0.24
0.82
1.26
1.11
0.47
0.65
0.44
0.67
0.38
0.43
0.59
1.40
0.49
0.89
1.41
0.96
1.66
0.62
0.51
1.26
0.86
0.60
1.06
0.45
0.97
0.62
0.94
0.67
0.83
1.19
1.08
0.35
0.60
0.96
0.20
0.80
1.09
1.31
0.40
0.10
0.85
0.71
0.38
0.36
0.62
0.36
0.81
0.79
0.98
0.06
0.50
1.17
0.68
0.70
0.54
0.55
0.56
0.16
1.28
0.46
1.55
1.81
1.56
0.49
0.41
1.21
0.74
0.68
1.56
0.35
1.04
1.66
1.31
1.46
1.25
0.78
0.96
0.88
1.73
0.13
1.28
1.05
0.33
0.63
0.94
0.97
0.96
1.03
0.66
0.59
1.47
0.75
1.52
0.52
0.43
0.41
1.09
0.10
0.12
0.93
1.28
1.03
0.81
0.31
0.61
1.04
0.77
1.45
0.84
1.07
1.00
0.87
0.54
0.31
0.47
0.71
0.79
0.67
0.33
0.70
0.36
1.79
1.00
1.23
1.43
1.32
0.49
1.31
0.83
0.68
0.65
0.67
0.61
1.05
1.17
0.43
0.68
1.27
1.07
0.91
0.53
0.94
1.69
0.62
0.54
0.39
1.60
0.76
0.98
1.10
1.31
1.20
0.68
1.67
0.58
0.39
1.62
0.73
0.43
1.15
1.61
0.14
0.19
0.90
1.10
0.54
0.71
0.91
0.31
0.70
0.54
0.52
1.55
0.58
1.45
0.91
1.07
1.52
0.43
1.07
1.29
0.16
1.44
0.51
1.19
0.33
1.26
0.72
0.34
1.11
0.64
0.66
0.87
1.51
1.96
0.86
0.94
1.47
0.14
1.46
2.05
2.08
1.56
0.68
0.98
1.27
1.00
0.81
0.76
1.05
1.61
0.53
0.73
0.76
1.60
1.33
0.47
1.11
1.04
0.87
0.76
0.38
1.11
2.79
1.00
2.05
0.59
1.14
1.26
0.71
0.16
0.94
0.85
1.31
0.62
0.76
1.01
0.39
1.55
0.83
0.64
2.50
1.23
1.94
2.97
0.83
0.22
0.50
1.72
0.41
1.08
1.44
0.72
1.66
1.28
2.62
1.78
0.59
1.19
1.61
1.43
2.42
0.88
1.72
0.99
0.93
2.23
0.84
1.00
1.46
0.65
0.70
0.67
0.67
0.17
0.90
0.88
1.63
1.22
1.69
1.28
1.82
0.23
1.57
1.09
2.14
2.46
0.95
0.06
0.87
1.24
1.37
0.73
1.11
1.24
0.91
2.20
0.99
0.64
1.81
1.14
1.76
1.67
0.13
1.01
2.06
0.01
0.81
1.48
0.44
0.45
2.66
1.43
0.37
0.45
0.95
0.52
2.14
0.12
1.29
0.63
0.50
0.31
1.84
0.83
0.83
0.71
1.09
2.10
0.62
0.99
1.61
0.20
0.19
0.91
0.33
1.16
0.94
0.59
0.86
1.60
1.33
0.68
1.38
0.71
1.49
0.37
1.43
1.30
0.04
1.60
0.57
0.74
0.83
0.42
0.71
0.06
0.66
0.96
0.85
0.74
1.01
1.46
1.02
0.26
1.61
1.12
0.67
0.44
1.13
0.88
1.02
0.88
0.63
0.90
1.35
0.32
0.55
0.80
0.91
0.95
1.78
0.59
0.24
1.29
1.31
0.29
0.92
0.64
1.19
0.65
0.95
1.16
0.77
0.50
0.52
0.28
0.32
0.56
0.41
1.32
1.45
0.74
0.26
0.58
0.80
1.28
1.10
0.70
0.87
0.92
0.88
0.47
0.70
0.77
0.70
0.31
0.59
0.29
0.43
1.35
1.09
0.85
1.43
1.71
0.73
0.49
1.97
1.14
0.45
1.12
1.61
0.78
0.87
0.49
0.81
1.26
1.10
2.13
1.57
0.86
0.91
0.39
0.94
0.97
0.87
0.47
0.98
0.49
1.17
0.72
0.18
0.55
1.07
0.78
1.05
1.17
1.05
0.28
0.23
0.54
0.61
1.24
0.63
1.10
1.38
0.36
0.13
0.94
1.25
0.50
1.96
0.21
1.03
1.08
1.10
0.46
0.99
1.43
0.62
0.52
0.75
0.33
0.08
1.17
1.50
0.37
0.66
0.92
0.63
0.41
0.68
0.05
0.49
0.73
0.76
0.90
0.71
0.90
1.07
0.94
0.90
0.39
0.56
1.28
1.73
0.93
0.75
0.70
1.50
0.68
0.65
1.43
0.96
0.67
0.90
0.34
0.18
1.99
0.62
2.01
0.67
1.17
1.33
1.36
0.85
0.17
0.53
0.50
0.61
0.58
1.26
1.64
1.62
1.18
0.44
0.91
1.69
0.24
0.10
0.95
0.79
1.27
0.72
0.44
0.76
0.77
1.52
1.36
2.72
0.84
1.56
0.97
1.03
1.75
1.12
0.44
1.45
0.53
0.53
0.65
1.06
0.63
1.22
0.49
1.87
0.89
1.06
0.87
1.26
0.70
1.46
2.33
0.33
1.80
0.46
0.55
0.27
0.51
1.04
1.04
0.67
0.79
0.16
1.11
2.51
2.85
0.78
1.05
0.95
0.75
0.74
1.09
1.72
1.44
1.18
1.40
0.64
0.85
1.47
1.72
0.91
1.42
1.81
0.54
0.17
1.09
1.13
0.91
1.59
1.28
1.36
1.29
0.69
1.10
0.99
1.60
0.71
1.75
0.74
1.64
1.68
1.71
1.81
1.82
2.71
0.73
1.24
1.00
1.30
1.00
1.65
2.23
0.83
2.26
1.33
0.37
1.83
2.54
0.68
2.17
0.58
0.98
0.77
0.11
1.25
1.44
0.97
1.78
1.03
0.88
0.59
0.73
0.52
0.84
2.06
1.26
0.15
1.12
1.01
2.66
0.55
0.76
1.79
1.60
0.83
2.02
1.25
0.35
1.23
0.56
1.43
0.55
0.61
0.90
1.26
0.41
1.14
2.43
0.71
1.97
0.64
1.07
1.00
0.34
1.02
0.16
1.19
1.47
0.20
0.60
0.41
0.81
0.68
0.59
1.08
0.60
0.86
0.79
0.97
0.36
0.77
0.78
1.10
2.24
0.92
0.41
1.29
0.67
0.58
0.80
0.43
0.46
0.75
0.64
0.27
0.69
0.78
0.36
1.23
0.74
1.20
0.13
0.56
0.38
0.42
0.92
0.88
0.85
0.69
1.44
1.16
1.74
0.96
0.88
0.40
0.70
0.47
0.38
0.16
0.62
0.94
0.63
0.87
0.49
0.70
0.59
0.49
0.26
1.23
0.44
2.43
1.25
0.61
0.44
0.59
0.09
1.98
0.34
0.41
1.45
1.85
1.04
0.53
0.99
1.01
0.35
1.22
0.67
0.83
1.50
1.37
0.97
0.50
1.03
0.04
0.41
1.99
0.56
0.94
0.57
0.62
0.89
0.19
1.07
1.03
1.23
0.39
1.96
0.80
1.15
0.68
0.65
0.94
1.10
0.80
0.70
0.47
0.83
0.42
0.64
1.20
0.52
0.12
0.47
0.77
0.86
0.89
0.95
1.18
0.13
0.42
1.07
0.52
0.78
1.39
0.28
0.84
1.09
0.33
0.57
1.90
0.18
0.65
0.68
0.19
0.83
0.47
0.61
1.21
1.26
0.92
0.93
0.68
0.54
0.69
1.83
0.14
0.38
1.24
1.10
0.83
0.35
0.56
0.86
0.58
0.76
0.76
1.04
1.52
0.51
0.51
0.08
1.13
0.63
0.63
1.35
0.70
0.87
0.89
0.33
0.72
0.95
1.53
1.03
1.12
0.68
0.50
0.97
0.52
1.59
0.33
0.89
1.39
0.77
0.94
0.40
0.26
0.66
1.80
0.98
1.40
1.03
1.86
1.16
0.33
0.65
0.67
0.27
0.68
0.25
0.75
1.62
1.56
0.07
0.43
0.75
0.92
2.32
0.49
0.08
0.60
1.80
0.99
0.80
0.91
1.26
1.36
1.20
0.68
0.63
0.99
0.86
0.19
0.26
1.44
1.77
1.05
1.63
1.50
0.84
1.11
0.40
1.41
1.00
0.73
1.36
1.69
2.30
2.02
0.49
1.20
1.66
1.45
2.30
0.73
0.69
0.93
1.48
2.00
1.13
0.45
0.37
1.64
0.81
0.19
0.08
1.68
1.50
1.63
1.81
0.75
0.90
0.81
0.91
1.72
0.61
1.86
1.11
2.08
1.38
1.18
0.85
0.78
1.78
1.51
0.24
1.23
0.70
1.40
0.88
1.36
1.83
1.42
0.42
0.79
0.82
0.65
1.79
0.68
1.51
0.74
1.10
1.11
0.52
1.78
1.02
1.52
2.12
2.94
2.59
0.65
1.03
1.72
1.35
0.51
1.80
0.27
0.39
2.38
1.34
0.60
0.81
0.69
1.44
0.50
1.94
0.75
0.94
1.45
0.85
1.60
1.01
0.76
0.55
1.61
1.11
0.79
0.40
0.51
1.77
1.82
1.49
1.17
1.68
1.16
0.62
1.14
0.71
1.85
0.81
1.29
1.29
0.26
0.33
1.99
1.52
0.85
0.70
2.07
1.57
0.16
1.48
1.78
1.24
1.47
1.89
2.01
1.12
0.68
0.97
0.79
1.62
0.78
1.35
0.85
0.48
1.88
1.83
0.74
1.23
1.10
1.61
0.59
1.00
0.45
0.18
0.50
0.33
1.03
1.02
0.87
0.47
0.70
1.52
0.30
0.85
0.41
0.79
0.76
0.67
2.06
0.31
1.32
0.21
0.73
1.17
0.73
0.58
1.53
0.72
1.14
1.65
0.19
0.15
1.05
0.59
0.92
1.33
0.91
0.30
0.18
1.10
1.03
1.10
1.01
0.57
1.45
0.34
0.39
0.55
0.90
0.82
0.32
0.93
0.88
0.93
1.46
0.28
0.48
0.12
0.21
0.44
0.22
0.30
0.11
1.28
0.49
1.48
0.58
0.66
0.69
0.16
1.36
1.53
1.24
1.13
0.36
0.50
0.97
1.02
0.08
1.42
1.13
1.25
0.89
0.52
0.32
0.52
0.34
0.26
0.35
0.74
0.18
0.87
1.04
0.98
0.50
0.67
1.03
1.10
1.71
0.91
0.36
1.21
1.65
0.55
0.47
0.19
1.42
0.24
0.74
0.80
0.35
1.00
0.32
1.27
0.57
0.24
0.60
0.19
0.80
0.75
0.84
1.90
0.67
1.39
0.72
0.59
1.82
1.49
1.17
1.05
0.82
1.19
0.89
0.74
1.26
0.42
2.01
1.09
0.22
0.22
0.22
0.55
1.70
1.35
0.50
0.92
0.28
0.18
0.65
1.44
0.64
1.78
1.09
0.33
1.39
0.88
1.44
0.64
0.56
1.16
0.59
0.50
0.56
0.41
0.53
1.32
0.18
1.16
0.33
0.78
0.75
0.91
0.86
0.86
0.96
0.93
0.94
0.77
0.99
0.86
0.89
0.87
0.84
0.77
0.73
0.84
0.71
0.90
0.88
0.87
1.00
1.13
0.83
1.09
0.80
0.93
0.88
0.68
0.81
0.94
0.96
0.77
1.14
1.02
1.00
0.82
1.18
0.86
1.18
1.15
1.32
1.04
0.80
1.10
1.12
1.02
0.98
1.05
1.10
0.91
1.05
0.94
1.25
1.17
1.33
1.26
1.54
1.05
1.20
1.63
1.21
1.17
1.18
1.13
1.13
1.36
1.43
1.26
1.26
1.05
1.17
1.42
1.05
1.78
1.64
1.58
1.38
1.71
1.12
1.20
1.11
1.30
1.28
1.52
1.94
1.94
1.43
1.43
1.22
1.39
1.20
1.36
1.32
1.31
1.32
1.96
0.89
1.83
1.34
1.93
1.04
1.35
1.32
1.28
1.16
1.29
2.00
1.60
1.32
1.53
1.27
1.77
0.61
1.19
1.27
1.59
1.35
1.30
1.74
1.44
1.14
1.51
1.69
1.27
1.18
1.09
1.25
0.97
1.04
1.20
1.41
1.47
1.26
1.12
1.06
1.03
1.36
1.33
1.17
1.17
1.44
1.45
1.58
1.54
1.49
1.26
1.14
1.42
0.79
1.03
1.26
1.36
1.94
1.42
1.25
1.75
1.36
1.51
1.62
1.35
1.26
1.49
1.27
1.33
1.21
1.48
1.44
1.55
1.38
1.40
1.21
1.54
1.17
1.59
1.50
1.53
1.17
1.22
1.97
1.52
1.28
1.42
1.22
1.49
1.49
1.11
1.11
1.19
1.15
1.01
1.14
0.83
1.06
1.48
0.96
1.20
1.39
1.39
1.80
0.63
0.72
0.92
1.38
0.91
1.36
1.03
1.14
0.92
1.17
0.98
0.81
0.68
1.25
0.87
0.81
1.19
1.03
1.13
0.97
0.90
1.08
0.88
0.76
0.99
1.00
0.88
0.89
0.84
0.88
0.89
0.87
0.83
0.46
0.84
0.57
0.78
0.48
0.79
0.36
0.57
0.44
1.26
0.84
0.94
0.88
1.04
0.90
0.76
0.65
0.80
0.83
0.71
0.78
0.81
0.72
0.54
0.54
0.82
0.91
0.65
0.85
1.08
0.83
0.66
1.08
0.82
1.06
1.09
0.88
0.83
0.73
1.10
1.03
1.07
0.90
0.78
0.81
0.89
0.93
1.00
0.96
0.94
1.04
1.04
1.16
0.91
1.05
0.90
1.00
1.00
1.17
1.00
0.86
1.05
1.12
0.96
0.86
1.01
1.04
1.12
0.90
0.82
0.78
0.88
1.10
0.91
0.55
1.04
0.92
1.21
1.04
1.04
1.11
1.00
1.00
0.88
0.84
0.98
0.82
0.66
0.81
0.81
1.04
1.13
0.89
0.60
0.84
0.94
0.96
0.76
0.73
0.73
0.82
0.69
1.27
1.05
0.85
0.81
0.66
0.70
1.03
0.94
0.92
0.81
0.87
0.84
0.83
0.74
0.75
0.69
0.62
0.66
0.87
1.06
0.89
0.94
0.93
0.92
0.86
0.79
0.68
0.81
0.82
0.81
0.92
1.04
0.95
0.88
0.88
0.97
1.00
0.89
0.92
0.87
0.66
0.94
0.83
0.84
0.90
0.86
0.77
0.84
0.66
0.80
0.80
1.25
1.11
0.72
1.09
0.80
0.93
0.88
0.68
0.81
0.76
0.83
0.83
0.65
0.46
0.56
0.61
0.51
0.58
0.54
0.57
0.54
0.95
0.95
0.98
0.89
1.01
1.11
1.06
1.05
0.90
0.98
0.89
0.92
0.87
0.86
1.00
0.97
1.04
1.03
1.21
1.31
1.19
0.98
1.17
1.23
1.09
1.77
1.73
1.26
1.11
1.09
1.32
1.09
1.18
0.98
1.00
1.20
1.58
1.44
2.00
1.50
1.54
1.18
1.10
1.36
1.38
1.13
1.32
1.28
1.85
1.81
1.68
1.87
1.18
1.83
1.94
1.86
1.86
1.45
1.83
1.59
1.30
1.52
1.15
1.15
1.06
1.27
1.61
1.75
1.34
1.54
1.16
1.25
1.48
1.26
1.08
1.14
1.24
1.63
1.23
1.14
1.51
1.69
1.27
1.18
1.09
1.25
0.97
1.04
1.20
1.41
1.47
1.26
1.12
1.06
1.03
1.36
1.33
1.17
1.17
1.44
1.45
1.58
1.54
1.49
1.26
1.14
1.42
0.79
1.03
1.26
1.51
1.15
1.20
0.14
0.95
1.02
1.13
0.91
1.10
1.07
0.82
1.38
1.12
1.26
1.47
1.06
0.90
1.38
0.98
1.26
1.34
1.06
0.98
0.97
1.03
1.32
1.03
1.17
1.04
1.00
1.07
0.98
1.24
1.03
0.88
1.07
2.00
0.91
1.13
1.03
0.81
0.78
1.20
0.42
0.53
0.83
0.96
0.81
0.86
0.92
0.85
0.79
1.08
0.37
0.87
0.69
1.05
0.62
0.94
0.73
0.73
0.82
0.86
0.44
0.73
0.71
0.70
0.89
1.19
1.02
0.86
0.71
0.86
0.61
0.65
0.86
0.54
0.88
0.89
0.87
0.83
0.94
1.00
0.74
1.13
0.70
0.77
0.80
0.80
0.77
0.77
1.02
0.70
0.83
0.82
0.59
1.02
1.07
0.83
0.81
0.63
0.77
0.86
0.82
0.72
1.07
0.63
0.80
0.91
0.92
0.69
0.92
0.55
0.87
0.80
0.74
0.92
0.98
0.86
0.77
0.79
0.83
0.83
0.83
1.05
0.77
1.02
1.01
0.79
0.70
0.75
0.66
0.86
0.66
0.97
0.93
0.91
0.74
0.86
0.79
0.78
0.75
1.00
0.72
0.68
0.79
0.72
0.81
0.92
0.91
0.86
0.80
0.68
0.87
0.75
0.87
1.00
0.99
0.86
0.84
0.78
0.60
0.47
0.62
0.86
1.01
0.91
0.76
0.78
0.59
0.95
0.91
0.81
0.66
0.84
0.90
0.67
0.83
1.03
0.75
0.84
0.73
0.72
0.82
0.72
0.90
0.74
0.79
0.96
0.42
0.56
0.61
0.72
0.70
0.57
0.73
0.77
0.75
0.60
0.68
0.68
0.69
0.75
0.62
0.72
0.65
0.75
0.64
0.72
0.73
0.66
0.62
0.78
0.88
0.77
0.83
0.66
0.60
0.69
0.71
0.84
0.62
1.11
0.81
0.73
0.90
0.69
0.69
0.81
0.84
0.62
0.72
0.88
0.81
0.82
0.70
0.86
1.13
0.81
0.89
1.02
0.98
0.69
0.81
0.76
0.96
0.85
0.86
1.29
1.10
1.08
1.17
0.84
0.74
0.69
0.91
0.91
0.89
0.91
1.13
0.98
0.88
0.79
1.00
0.95
0.86
1.04
0.88
1.09
1.08
1.04
1.19
1.03
1.07
0.95
1.03
1.13
0.84
1.08
1.00
0.95
0.87
1.05
1.26
1.33
1.65
1.47
1.67
1.51
0.67
1.07
1.10
0.90
0.82
0.82
1.07
1.24
0.86
0.91
1.12
1.06
1.25
1.03
0.98
1.16
1.03
1.16
1.50
1.43
1.22
1.19
1.46
1.24
1.30
1.22
1.46
1.37
1.09
1.48
1.40
1.10
1.28
1.25
1.15
1.13
1.89
0.75
1.19
1.03
1.06
0.93
1.00
1.61
1.50
1.07
1.08
1.04
0.91
1.09
1.20
1.31
1.58
1.56
1.40
1.32
1.05
1.21
1.22
1.55
1.35
1.08
1.28
1.28
1.30
1.01
1.23
0.78
0.89
1.00
0.73
0.95
0.92
0.89
0.97
0.86
0.97
1.21
1.21
1.16
1.16
1.00
0.87
1.01
1.36
1.07
1.02
1.04
1.04
0.92
0.72
1.24
0.92
1.09
0.90
0.96
0.86
0.84
1.04
0.93
1.22
0.93
0.84
0.89
1.02
0.59
0.79
1.03
1.05
0.94
0.82
0.73
0.70
0.94
0.78
1.04
0.95
0.92
1.06
0.92
0.85
1.35
0.95
0.88
0.79
0.94
0.87
0.77
0.65
0.61
0.53
0.75
0.85
0.98
1.02
0.31
0.65
0.70
0.64
0.88
0.63
0.81
0.78
0.64
1.02
0.74
0.85
0.84
0.86
0.70
0.65
0.81
0.86
0.68
0.89
1.01
0.73
0.89
0.83
0.85
1.01
0.90
0.67
0.84
0.83
0.77
0.66
0.82
1.05
1.03
0.70
0.79
0.77
0.78
0.63
0.99
0.70
0.62
0.85
0.80
0.82
0.94
1.01
0.90
0.80
0.65
1.04
0.85
0.77
0.75
0.80
0.72
0.71
0.79
0.97
0.87
0.79
0.78
0.84
0.73
0.87
0.71
0.45
0.82
1.01
0.96
0.84
0.97
0.87
0.99
0.97
1.02
0.77
0.86
0.96
0.96
1.07
1.22
0.91
1.06
0.95
0.89
0.84
1.07
0.96
0.95
0.82
0.81
0.89
0.67
0.83
0.98
0.78
0.81
0.82
0.93
1.22
0.77
1.03
0.70
0.83
0.70
0.78
0.95
0.88
0.87
0.84
0.83
0.73
0.75
0.72
0.70
0.75
0.83
0.74
0.81
0.81
0.89
0.73
0.80
0.66
0.63
0.75
0.54
0.53
0.73
0.67
0.82
0.87
0.77
0.85
0.79
0.67
0.70
0.70
0.78
0.77
0.72
0.77
0.74
0.72
0.67
0.60
0.73
0.81
0.94
0.86
0.79
1.10
0.89
0.76
1.11
1.00
0.91
0.83
0.76
0.84
0.63
0.79
0.85
0.83
0.90
0.78
0.73
0.93
0.80
0.84
1.12
0.81
0.86
0.84
0.73
0.94
0.70
0.80
0.79
0.75
0.80
0.99
1.11
0.92
0.73
0.94
0.79
0.94
0.83
1.06
1.15
0.77
1.13
1.08
0.84
1.17
1.14
1.05
1.16
0.90
0.88
0.84
1.16
0.93
1.09
1.09
0.96
0.90
0.94
1.14
0.89
0.93
0.93
1.05
1.02
1.11
1.16
1.47
0.99
1.07
0.94
1.04
1.17
1.06
0.99
1.11
1.04
1.15
1.07
1.05
1.21
1.19
1.17
1.47
1.42
1.99
1.86
2.04
1.56
0.96
1.05
1.09
1.27
1.26
1.22
1.13
1.11
1.19
1.32
1.28
1.24
1.12
1.16
0.91
0.93
1.00
0.76
1.20
0.98
0.90
1.34
1.24
1.17
1.33
1.32
1.29
1.10
1.04
1.13
0.98
1.18
1.16
1.03
1.41
1.17
1.24
1.12
1.17
1.08
1.91
1.79
1.56
1.25
1.25
0.94
1.21
1.14
1.08
1.06
1.49
1.11
1.20
1.16
1.28
1.30
0.99
0.89
1.06
1.23
1.19
1.21
1.25
1.53
1.26
1.21
1.43
1.73
1.51
1.18
1.63
1.57
1.42
1.20
0.91
1.34
1.38
1.27
1.49
1.28
1.58
1.55
1.56
1.51
1.24
1.07
0.89
0.98
0.88
1.02
0.86
1.09
1.20
0.89
0.98
0.71
1.00
1.14
0.73
1.09
0.98
0.80
0.82
0.74
0.89
1.11
1.04
1.23
0.67
1.14
1.09
0.90
0.97
0.72
1.00
1.01
1.07
2.04
0.64
0.85
0.94
1.00
1.01
0.52
0.77
0.49
0.96
0.84
0.71
0.42
0.68
0.79
0.91
0.91
0.75
0.75
0.54
0.65
0.59
0.81
0.72
0.72
0.79
0.79
0.81
0.67
0.65
0.79
1.15
0.61
0.72
0.59
0.89
0.59
0.73
0.69
0.53
0.60
0.68
0.84
0.55
0.77
0.64
0.82
0.72
0.55
0.61
0.52
0.77
0.67
0.78
0.61
0.78
0.76
0.78
0.82
0.81
0.82
0.83
0.82
0.84
1.19
1.06
0.81
0.91
0.67
0.82
0.81
0.91
0.75
0.54
0.72
0.85
0.76
0.77
0.81
0.85
0.78
0.85
0.85
0.73
0.98
1.00
1.03
1.02
1.17
1.02
0.94
0.92
0.87
0.74
0.80
0.79
0.82
0.85
1.00
1.01
0.62
0.87
0.74
0.85
0.61
0.80
0.86
1.05
0.73
0.72
0.83
0.84
0.92
0.97
0.82
1.01
0.81
0.76
0.88
0.97
0.66
0.73
0.85
0.69
0.65
0.62
0.82
1.04
1.19
1.05
0.65
0.72
0.74
0.62
0.74
0.76
0.83
0.71
0.69
0.78
0.87
0.69
0.80
0.82
0.76
0.99
0.83
0.69
1.12
1.11
1.02
0.64
0.67
0.96
0.67
0.78
0.92
0.68
0.69
0.73
0.77
0.65
0.79
0.75
0.67
0.85
0.78
0.80
0.69
0.78
0.79
0.73
0.82
0.73
0.76
0.88
0.74
0.91
0.85
0.77
0.76
0.85
0.77
0.84
0.79
0.70
0.76
0.61
0.59
0.74
0.82
0.81
0.72
0.75
0.65
0.76
0.73
0.70
0.78
0.70
0.73
0.78
0.74
0.78
0.64
0.79
0.81
0.90
0.81
0.98
1.02
0.90
0.82
1.03
0.97
0.80
0.94
1.03
1.11
1.20
0.82
0.77
0.85
0.79
0.87
1.01
0.94
1.10
0.92
1.16
1.14
1.11
1.10
1.05
0.95
1.34
1.07
0.86
0.96
1.34
1.09
1.24
0.94
1.08
0.99
1.10
1.03
1.31
1.29
1.14
1.11
1.13
1.27
1.15
1.23
1.09
1.02
1.20
1.00
1.30
1.19
1.26
1.18
1.13
0.97
1.16
1.04
1.40
1.16
1.46
1.01
1.89
1.09
1.22
1.22
1.21
1.23
1.24
1.16
1.17
1.03
1.14
1.19
1.09
1.26
1.51
1.29
0.90
1.20
1.09
1.16
1.28
1.47
1.32
1.58
1.02
1.22
0.96
1.00
1.09
1.27
1.35
1.48
1.12
1.08
0.98
0.95
1.28
0.91
1.11
0.92
1.20
0.91
1.05
1.20
1.17
1.13
1.28
1.70
1.30
1.12
1.10
1.64
0.87
1.11
0.99
0.71
0.92
1.30
0.82
1.17
1.29
1.11
0.75
0.77
0.89
0.76
0.78
0.75
0.77
0.67
0.95
0.81
0.73
1.02
1.21
0.85
0.89
1.18
0.93
0.74
0.89
0.82
0.70
0.79
0.96
0.73
0.65
0.57
0.78
0.29
0.48
0.69
0.74
0.99
0.85
0.69
0.65
0.77
0.53
0.66
0.69
0.59
0.86
0.58
0.59
0.39
0.53
0.42
0.35
0.69
0.56
0.58
0.76
0.52
0.61
0.70
0.68
0.29
0.53
0.79
0.74
0.68
0.77
0.81
0.63
0.68
0.77
0.56
0.58
0.56
0.87
0.66
0.67
0.39
0.52
0.60
0.80
0.58
0.80
0.76
0.81
0.77
0.62
0.66
0.52
0.69
0.65
0.81
0.69
0.62
0.88
0.77
0.62
0.81
0.75
0.70
0.56
0.70
0.72
0.81
0.76
0.83
0.74
0.88
0.81
0.75
0.82
0.70
0.69
0.85
0.52
0.76
0.67
0.76
0.60
0.73
0.76
0.72
0.88
0.86
0.69
0.76
0.61
0.83
0.77
0.86
0.98
0.80
0.81
0.72
0.83
0.70
0.72
0.83
0.68
0.65
0.75
0.64
0.81
0.85
0.91
0.86
0.72
0.72
1.04
0.90
1.84
0.75
0.80
1.03
1.17
0.73
1.09
0.65
0.76
0.78
0.69
0.75
0.66
0.74
0.78
0.89
0.56
0.69
0.86
0.67
0.67
0.82
0.78
0.73
0.69
0.81
0.81
0.75
0.65
0.66
0.68
0.71
0.76
0.70
0.75
0.83
0.79
0.51
0.66
0.87
0.84
0.72
0.80
0.69
0.60
0.69
0.72
0.70
0.71
0.69
0.83
